4 0.09140625000000001 0.7914062500000001 0.0140625 0.0171875
4 0.09843750000000001 0.81640625 0.015625 0.029687500000000002
4 0.09531250000000001 0.83515625 0.018750000000000003 0.029687500000000002
3 0.34140625 0.6898437500000001 0.029687500000000002 0.029687500000000002
3 0.45 0.60703125 0.03125 0.029687500000000002
3 0.37734375000000003 0.51171875 0.0203125 0.0234375
3 0.46875 0.7546875000000001 0.021875000000000002 0.028125
3 0.41250000000000003 0.4296875 0.015625 0.028125
3 0.5234375 0.4109375 0.015625 0.028125
3 0.6296875000000001 0.45078125 0.018750000000000003 0.029687500000000002
3 0.596875 0.6195312500000001 0.028125 0.0328125