5 0.47421875 0.38359375 0.0546875 0.0859375
5 0.36484375 0.37734375000000003 0.051562500000000004 0.0578125
5 0.33828125000000003 0.47890625000000003 0.060937500000000006 0.0671875
5 0.22421875000000002 0.41015625 0.060937500000000006 0.11406250000000001
5 0.47109375000000003 0.65390625 0.0921875 0.1015625
5 0.52734375 0.51015625 0.051562500000000004 0.060937500000000006
5 0.6507812500000001 0.39609375 0.051562500000000004 0.0703125
5 0.76328125 0.5109375 0.0421875 0.078125
5 0.73359375 0.6648437500000001 0.0484375 0.051562500000000004
5 0.58828125 0.80078125 0.0734375 0.11093750000000001
4 0.40078125000000003 0.7664062500000001 0.0171875 0.045312500000000006
4 0.18906250000000002 0.8015625000000001 0.028125 0.034375
4 0.2015625 0.67578125 0.015625 0.045312500000000006
4 0.25 0.56796875 0.015625 0.0421875
4 0.34609375000000003 0.5765625 0.0140625 0.046875