5 0.6875 0.27578125000000003 0.08125 0.11093750000000001
4 0.6703125000000001 0.33671875 0.018750000000000003 0.0421875
4 0.58203125 0.35859375000000004 0.0203125 0.0234375
4 0.6414062500000001 0.49531250000000004 0.0234375 0.046875
4 0.4296875 0.48046875 0.018750000000000003 0.0234375
4 0.2921875 0.48125 0.018750000000000003 0.03125
5 0.3046875 0.56484375 0.07187500000000001 0.07968750000000001
5 0.24296875 0.52578125 0.0578125 0.09531250000000001
5 0.23593750000000002 0.67109375 0.13125 0.1609375
5 0.496875 0.64609375 0.115625 0.1203125
5 0.45859375 0.52265625 0.06406250000000001 0.0703125
5 0.43515625 0.40546875000000004 0.0765625 0.0890625
4 0.42812500000000003 0.47890625000000003 0.018750000000000003 0.0234375
5 0.74921875 0.56796875 0.0671875 0.0703125