4 0.7468750000000001 0.8406250000000001 0.028125 0.046875
4 0.41484375 0.5296875 0.0140625 0.018750000000000003
4 0.38984375000000004 0.64375 0.0234375 0.046875
4 0.696875 0.553125 0.025 0.025
5 0.8031250000000001 0.69921875 0.065625 0.060937500000000006
5 0.81640625 0.5578125 0.060937500000000006 0.09062500000000001
5 0.6414062500000001 0.44843750000000004 0.0578125 0.078125
5 0.54921875 0.7156250000000001 0.11406250000000001 0.115625
4 0.57734375 0.6414062500000001 0.026562500000000003 0.0328125
5 0.29140625000000003 0.6804687500000001 0.1296875 0.15156250000000002
5 0.35468750000000004 0.5859375 0.065625 0.06875
5 0.38906250000000003 0.44843750000000004 0.065625 0.07187500000000001
5 0.48125 0.45859375 0.07187500000000001 0.0890625
5 0.58046875 0.56171875 0.060937500000000006 0.06406250000000001
5 0.6296875000000001 0.5203125000000001 0.00625 0.00625