5 0.73984375 0.42890625000000004 0.06406250000000001 0.1015625
4 0.70703125 0.48046875 0.010937500000000001 0.0390625
4 0.61875 0.4625 0.015625 0.021875000000000002
4 0.6351562500000001 0.61875 0.0140625 0.043750000000000004
4 0.44296875 0.515625 0.0140625 0.021875000000000002
4 0.3140625 0.45859375 0.0125 0.029687500000000002
5 0.30312500000000003 0.5437500000000001 0.059375000000000004 0.06875
5 0.25625000000000003 0.48046875 0.040625 0.0890625
5 0.209375 0.6156250000000001 0.10625000000000001 0.140625
5 0.45859375 0.70234375 0.09843750000000001 0.1015625
5 0.45703125 0.56875 0.0546875 0.059375000000000004
5 0.46796875000000004 0.44609375 0.06406250000000001 0.07968750000000001
4 0.44140625 0.5140625 0.0171875 0.018750000000000003
5 0.71484375 0.7328125000000001 0.0578125 0.059375000000000004