5 0.46406250000000004 0.6492187500000001 0.109375 0.1078125
5 0.75 0.42578125 0.078125 0.1234375
5 0.625 0.48515625 0.065625 0.0765625
5 0.6140625000000001 0.38515625000000003 0.065625 0.0671875
5 0.51953125 0.39921875 0.0671875 0.07968750000000001
5 0.434375 0.5078125 0.059375000000000004 0.0625
5 0.35781250000000003 0.3875 0.05 0.07187500000000001
5 0.321875 0.7921875 0.09062500000000001 0.115625
5 0.215625 0.5867187500000001 0.0625 0.09843750000000001
5 0.18906250000000002 0.49843750000000003 0.053125000000000006 0.08125
4 0.5140625 0.7718750000000001 0.025 0.043750000000000004
4 0.6000000000000001 0.58046875 0.021875000000000002 0.045312500000000006
4 0.696875 0.5789062500000001 0.018750000000000003 0.0390625
4 0.7265625 0.69140625 0.021875000000000002 0.0421875
4 0.71640625 0.81796875 0.035937500000000004 0.0390625