4 0.2421875 0.540625 0.018750000000000003 0.043750000000000004
4 0.33437500000000003 0.57578125 0.025 0.0484375
4 0.22968750000000002 0.6765625000000001 0.034375 0.059375000000000004
4 0.16875 0.66171875 0.021875000000000002 0.0328125
4 0.28125 0.78125 0.03125 0.05
5 0.44140625 0.68515625 0.11406250000000001 0.1265625
5 0.5265625 0.5625 0.059375000000000004 0.065625
5 0.48046875 0.44140625 0.0734375 0.0890625
5 0.39296875000000003 0.39296875000000003 0.06406250000000001 0.0734375
5 0.34687500000000004 0.48125 0.07187500000000001 0.084375
5 0.26328125 0.38593750000000004 0.045312500000000006 0.109375
5 0.5320312500000001 0.81640625 0.0890625 0.13593750000000002
5 0.6937500000000001 0.7578125 0.06875 0.06875
5 0.7679687500000001 0.6421875 0.060937500000000006 0.09375
5 0.6390625000000001 0.48203125 0.05625 0.07968750000000001