4 0.634375 0.8328125000000001 0.028125 0.046875
4 0.33828125000000003 0.53046875 0.0140625 0.0171875
4 0.29921875000000003 0.64453125 0.0234375 0.045312500000000006
4 0.62265625 0.546875 0.026562500000000003 0.025
5 0.7093750000000001 0.690625 0.06875 0.0625
5 0.7421875 0.5484375 0.0625 0.09062500000000001
5 0.5789062500000001 0.44296875 0.060937500000000006 0.07968750000000001
5 0.45078125 0.7125 0.1171875 0.115625
4 0.4890625 0.63828125 0.028125 0.0328125
5 0.19375 0.6828125 0.13125 0.153125
5 0.2703125 0.5875 0.065625 0.07187500000000001
5 0.32343750000000004 0.44843750000000004 0.06875 0.07187500000000001
5 0.415625 0.4578125 0.07500000000000001 0.08750000000000001
5 0.50234375 0.5578125 0.06406250000000001 0.065625
5 0.55859375 0.51484375 0.004687500000000001 0.004687500000000001