5 0.534375 0.7093750000000001 0.10312500000000001 0.1125
5 0.7976562500000001 0.5171875 0.0703125 0.12812500000000002
5 0.6781250000000001 0.5625 0.0625 0.078125
5 0.65625 0.4609375 0.0625 0.06875
5 0.5640625 0.46406250000000004 0.0625 0.084375
5 0.4890625 0.5625 0.05625 0.065625
5 0.4 0.43359375 0.046875 0.0734375
5 0.40703125 0.8375 0.08281250000000001 0.11875000000000001
5 0.278125 0.6171875 0.05625 0.1
5 0.2421875 0.52578125 0.05 0.08281250000000001
4 0.596875 0.83984375 0.021875000000000002 0.045312500000000006
4 0.66328125 0.65546875 0.0171875 0.045312500000000006
4 0.7601562500000001 0.665625 0.0171875 0.040625
4 0.80234375 0.7835937500000001 0.0203125 0.0421875
4 0.8054687500000001 0.909375 0.0328125 0.040625