5 0.5632812500000001 0.6937500000000001 0.060937500000000006 0.034375
5 0.5578125 0.5859375 0.040625 0.046875
4 0.5421875 0.6117187500000001 0.009375000000000001 0.0328125
4 0.56796875 0.60859375 0.0140625 0.010937500000000001
4 0.39140625 0.62265625 0.0140625 0.0140625
4 0.515625 0.74609375 0.018750000000000003 0.029687500000000002
4 0.4421875 0.50625 0.0125 0.0125
5 0.31953125000000004 0.6000000000000001 0.0578125 0.078125
5 0.46484375 0.6257812500000001 0.0578125 0.0734375
5 0.5421875 0.47578125000000004 0.034375 0.0390625
5 0.57265625 0.5390625 0.0484375 0.03125
5 0.5890625 0.48984375 0.028125 0.0421875
5 0.63046875 0.51015625 0.035937500000000004 0.045312500000000006
5 0.6765625000000001 0.5632812500000001 0.043750000000000004 0.029687500000000002
5 0.64765625 0.57578125 0.0390625 0.029687500000000002
5 0.6625000000000001 0.6015625 0.05 0.034375
5 0.6179687500000001 0.6257812500000001 0.045312500000000006 0.029687500000000002
5 0.7039062500000001 0.6312500000000001 0.0421875 0.028125
5 0.6937500000000001 0.7093750000000001 0.040625 0.043750000000000004