5 0.4234375 0.63984375 0.059375000000000004 0.0328125
5 0.43359375 0.5328125 0.0421875 0.046875
4 0.44921875 0.56015625 0.010937500000000001 0.0328125
4 0.42265625 0.55390625 0.0140625 0.0140625
4 0.59765625 0.578125 0.0171875 0.015625
4 0.46875 0.6953125 0.018750000000000003 0.028125
4 0.55234375 0.45859375 0.0140625 0.0140625
5 0.6703125000000001 0.56015625 0.0625 0.0765625
5 0.5242187500000001 0.578125 0.060937500000000006 0.07187500000000001
5 0.45390625 0.42265625 0.035937500000000004 0.0390625
5 0.421875 0.484375 0.05 0.03125
5 0.4078125 0.434375 0.03125 0.040625
5 0.3640625 0.453125 0.037500000000000006 0.043750000000000004
5 0.3171875 0.5015625 0.043750000000000004 0.03125
5 0.3453125 0.5171875 0.040625 0.03125
5 0.3296875 0.5421875 0.05 0.034375
5 0.37265625 0.56953125 0.0484375 0.029687500000000002
5 0.28671875 0.56875 0.0421875 0.028125
5 0.29296875 0.65 0.0421875 0.043750000000000004