5 0.53671875 0.6820312500000001 0.060937500000000006 0.0421875
5 0.521875 0.57578125 0.046875 0.051562500000000004
4 0.5078125 0.6046875 0.015625 0.034375
4 0.53359375 0.5953125 0.0140625 0.0125
4 0.36171875000000003 0.6429687500000001 0.0171875 0.0171875
4 0.49531250000000004 0.74375 0.021875000000000002 0.03125
4 0.40078125000000003 0.5164062500000001 0.0140625 0.0140625
5 0.2890625 0.634375 0.065625 0.084375
5 0.434375 0.6335937500000001 0.065625 0.07968750000000001
5 0.496875 0.46796875000000004 0.040625 0.0421875
5 0.5320312500000001 0.52578125 0.051562500000000004 0.035937500000000004
5 0.5437500000000001 0.4734375 0.034375 0.043750000000000004
5 0.5867187500000001 0.48671875000000003 0.0390625 0.0484375
5 0.6359375 0.5296875 0.046875 0.037500000000000006
5 0.60859375 0.54921875 0.0421875 0.035937500000000004
5 0.6257812500000001 0.5710937500000001 0.051562500000000004 0.0421875
5 0.58359375 0.6046875 0.0484375 0.034375
5 0.6687500000000001 0.5945312500000001 0.043750000000000004 0.0328125
5 0.6664062500000001 0.675 0.045312500000000006 0.05