2 0.2265625 0.36953125000000003 0.240625 0.35468750000000004
2 0.26328125 0.64609375 0.18281250000000002 0.1765625
2 0.24140625000000002 0.88671875 0.1640625 0.2015625
2 0.52265625 0.55390625 0.1640625 0.2921875
2 0.45156250000000003 0.3484375 0.171875 0.16562500000000002
2 0.628125 0.46015625000000004 0.19062500000000002 0.1859375
2 0.659375 0.26171875 0.1125 0.0859375
2 0.765625 0.2578125 0.17500000000000002 0.253125
2 0.915625 0.5242187500000001 0.134375 0.2015625
2 0.9515625000000001 0.7328125000000001 0.040625 0.109375
2 0.8125 0.8359375 0.15937500000000002 0.171875