2 0.78046875 0.6804687500000001 0.2328125 0.3484375
2 0.8796875000000001 0.4625 0.1375 0.140625
2 0.75 0.41171875 0.11875000000000001 0.0546875
2 0.58359375 0.38906250000000003 0.0921875 0.09062500000000001
2 0.6140625000000001 0.47734375 0.084375 0.0578125
2 0.6664062500000001 0.5046875000000001 0.1015625 0.1875
2 0.49140625000000004 0.44765625000000003 0.07968750000000001 0.045312500000000006
2 0.56640625 0.30234375 0.09531250000000001 0.1609375
2 0.35078125000000004 0.30703125000000003 0.1546875 0.1453125
2 0.20234375000000002 0.33203125 0.13593750000000002 0.1796875
2 0.07421875 0.4890625 0.1015625 0.10625000000000001
2 0.23984375000000002 0.5515625000000001 0.1703125 0.20625000000000002
2 0.17421875 0.72421875 0.1234375 0.07968750000000001
2 0.48515625 0.6023437500000001 0.2109375 0.1703125
2 0.50390625 0.7132812500000001 0.16718750000000002 0.18281250000000002