2 0.1015625 0.66796875 0.19062500000000002 0.3453125
2 0.0859375 0.40625 0.16562500000000002 0.146875
2 0.18281250000000002 0.1640625 0.1375 0.321875
2 0.45390625 0.21796875000000002 0.11406250000000001 0.1484375
2 0.58046875 0.2734375 0.0765625 0.26875
2 0.6726562500000001 0.203125 0.1078125 0.05
2 0.9578125000000001 0.1796875 0.084375 0.19062500000000002
2 0.8757812500000001 0.44453125000000004 0.1234375 0.0859375
2 0.9085937500000001 0.6078125000000001 0.1046875 0.134375
2 0.6796875 0.7671875 0.33125000000000004 0.309375
2 0.325 0.478125 0.23125 0.23750000000000002