8 0.91328125 0.16953125000000002 0.1296875 0.0390625
8 0.65 0.27187500000000003 0.115625 0.065625
8 0.51171875 0.32421875 0.1234375 0.0703125
8 0.44062500000000004 0.40390625 0.14375000000000002 0.09843750000000001
8 0.5578125 0.51015625 0.078125 0.0859375
8 0.734375 0.5859375 0.1375 0.125
8 0.5296875 0.6820312500000001 0.125 0.0703125
8 0.8992187500000001 0.784375 0.2015625 0.23125
8 0.6257812500000001 0.909375 0.1796875 0.12812500000000002
8 0.234375 0.7171875000000001 0.171875 0.115625
8 0.11953125 0.63984375 0.1296875 0.08281250000000001
8 0.34921875 0.9382812500000001 0.2109375 0.1234375
8 0.8679687500000001 0.32734375000000004 0.1046875 0.051562500000000004
8 0.5140625 0.15781250000000002 0.053125000000000006 0.0625
8 0.359375 0.1921875 0.078125 0.05
8 0.26484375 0.23203125000000002 0.09531250000000001 0.1046875
8 0.1234375 0.17890625000000002 0.09375 0.060937500000000006
8 0.296875 0.33906250000000004 0.08750000000000001 0.1125
8 0.1046875 0.36953125000000003 0.125 0.0546875
8 0.27968750000000003 0.040625 0.084375 0.025
8 0.02890625 0.0328125 0.0578125 0.065625