8 0.12734375 0.28984375 0.1265625 0.09843750000000001
8 0.18906250000000002 0.1546875 0.1375 0.06875
8 0.33203125 0.140625 0.13593750000000002 0.15937500000000002
8 0.2859375 0.02890625 0.046875 0.0578125
8 0.9242187500000001 0.096875 0.1078125 0.053125000000000006
8 0.6046875 0.07968750000000001 0.13125 0.084375
8 0.71875 0.13828125 0.153125 0.1046875
8 0.77734375 0.34453125 0.1546875 0.1546875
8 0.45703125 0.42421875000000003 0.1765625 0.15156250000000002
8 0.51328125 0.6453125000000001 0.17343750000000002 0.178125
8 0.728125 0.81015625 0.171875 0.1234375
8 0.8078125 0.58984375 0.23125 0.19843750000000002