2 0.57578125 0.9125000000000001 0.2390625 0.15937500000000002
2 0.05625 0.6843750000000001 0.1 0.39687500000000003
2 0.10390625 0.38593750000000004 0.11406250000000001 0.1125
2 0.2625 0.5546875 0.359375 0.325
2 0.1640625 0.259375 0.12812500000000002 0.10625000000000001
2 0.15156250000000002 0.06640625 0.13125 0.1328125
2 0.38828125 0.1328125 0.1234375 0.07187500000000001
2 0.45 0.20078125000000002 0.12187500000000001 0.2484375
2 0.57421875 0.2015625 0.1265625 0.140625
2 0.6179687500000001 0.44843750000000004 0.2578125 0.2625
2 0.8125 0.21406250000000002 0.2 0.325
2 0.8460937500000001 0.4546875 0.1953125 0.15625
2 0.765625 0.6312500000000001 0.25625000000000003 0.328125