2 0.28984375 0.33046875000000003 0.20468750000000002 0.3359375
2 0.31562500000000004 0.6117187500000001 0.16875 0.15781250000000002
2 0.28359375000000003 0.846875 0.1453125 0.1875
2 0.5789062500000001 0.56015625 0.1328125 0.2828125
2 0.5164062500000001 0.3453125 0.15781250000000002 0.146875
2 0.6890625 0.48359375000000004 0.17500000000000002 0.1640625
2 0.728125 0.29140625000000003 0.10625000000000001 0.0703125
2 0.83359375 0.3046875 0.1484375 0.240625
2 0.95703125 0.5945312500000001 0.0859375 0.1859375
2 0.9921875 0.81015625 0.015625 0.09843750000000001
2 0.8562500000000001 0.8859375 0.14375000000000002 0.15625