2 0.26953125 0.9109375000000001 0.2171875 0.17500000000000002
2 0.9007812500000001 0.84296875 0.1484375 0.31093750000000003
2 0.90234375 0.56640625 0.1015625 0.1015625
2 0.6976562500000001 0.6671875 0.32343750000000004 0.284375
2 0.88828125 0.42812500000000003 0.1171875 0.09062500000000001
2 0.9632812500000001 0.21406250000000002 0.0703125 0.203125
2 0.7195312500000001 0.22968750000000002 0.1171875 0.053125000000000006
2 0.6390625000000001 0.27187500000000003 0.084375 0.24375000000000002
2 0.521875 0.22890625 0.109375 0.1296875
2 0.39687500000000003 0.4421875 0.225 0.234375
2 0.2921875 0.16171875000000002 0.15000000000000002 0.3015625
2 0.18046875 0.36875 0.1796875 0.134375
2 0.19609375 0.56171875 0.2109375 0.30781250000000004