2 0.76875 0.71640625 0.178125 0.3453125
2 0.8515625 0.49296875 0.11875000000000001 0.13593750000000002
2 0.71875 0.446875 0.1125 0.05
2 0.5515625000000001 0.4296875 0.08125 0.08750000000000001
2 0.58828125 0.51953125 0.0765625 0.0546875
2 0.6421875 0.5437500000000001 0.07187500000000001 0.184375
2 0.46484375 0.4921875 0.0734375 0.043750000000000004
2 0.5281250000000001 0.34375 0.07187500000000001 0.15937500000000002
2 0.3140625 0.35625 0.134375 0.140625
2 0.16875 0.38671875 0.109375 0.1765625
2 0.05078125 0.5484375 0.09531250000000001 0.10312500000000001
2 0.22265625 0.6062500000000001 0.1421875 0.203125
2 0.171875 0.78125 0.1125 0.07500000000000001
2 0.4703125 0.6484375 0.1875 0.1625
2 0.496875 0.759375 0.1375 0.178125