8 0.0765625 0.14765625000000002 0.08750000000000001 0.0734375
8 0.31093750000000003 0.1296875 0.096875 0.053125000000000006
8 0.9070312500000001 0.13515625 0.11093750000000001 0.0921875
8 0.5921875 0.2015625 0.1 0.09062500000000001
8 0.5421875 0.32265625000000003 0.125 0.15781250000000002
8 0.39140625 0.32734375000000004 0.1015625 0.08281250000000001
8 0.209375 0.36953125000000003 0.07500000000000001 0.0921875
8 0.171875 0.5945312500000001 0.19687500000000002 0.1484375
8 0.37578125 0.57265625 0.1796875 0.13593750000000002
8 0.6468750000000001 0.46328125000000003 0.11875000000000001 0.1765625
8 0.78671875 0.39140625 0.1421875 0.11093750000000001
8 0.95234375 0.36171875000000003 0.09531250000000001 0.1390625
8 0.5421875 0.6140625000000001 0.246875 0.17500000000000002
8 0.54453125 0.83984375 0.1546875 0.1609375
8 0.9671875000000001 0.83125 0.065625 0.09062500000000001
8 0.9875 0.696875 0.025 0.10625000000000001
8 0.9796875 0.4921875 0.040625 0.084375
8 0.48359375000000004 0.00703125 0.06406250000000001 0.0140625