2 0.321875 0.8734375000000001 0.23125 0.203125
2 0.9296875 0.7703125000000001 0.1375 0.34375
2 0.94453125 0.48125 0.1078125 0.109375
2 0.74140625 0.59609375 0.3453125 0.30781250000000004
2 0.9265625000000001 0.34375 0.125 0.1
2 0.97421875 0.12578125 0.0484375 0.2078125
2 0.7515625 0.15703125 0.12187500000000001 0.06406250000000001
2 0.671875 0.203125 0.10312500000000001 0.25
2 0.5546875 0.16875 0.11875000000000001 0.1375
2 0.43515625 0.38984375000000004 0.24531250000000002 0.2515625
2 0.32265625000000003 0.13593750000000002 0.1765625 0.27187500000000003
2 0.21484375 0.33046875000000003 0.18906250000000002 0.1453125
2 0.23750000000000002 0.52265625 0.234375 0.32343750000000004