8 0.92890625 0.15078125 0.0890625 0.0671875
8 0.6953125 0.15390625000000002 0.096875 0.045312500000000006
8 0.1046875 0.21171875 0.1125 0.08281250000000001
8 0.4234375 0.25 0.10312500000000001 0.08125
8 0.48515625 0.36562500000000003 0.1265625 0.146875
8 0.6351562500000001 0.35781250000000003 0.1015625 0.07500000000000001
8 0.8203125 0.384375 0.078125 0.084375
8 0.8796875000000001 0.6046875 0.2 0.13125
8 0.675 0.6015625 0.18125000000000002 0.12187500000000001
8 0.39609375 0.515625 0.1203125 0.16875
8 0.24921875000000002 0.45625000000000004 0.1421875 0.1
8 0.07500000000000001 0.44140625 0.109375 0.1296875
8 0.51484375 0.6570312500000001 0.2484375 0.1546875
8 0.534375 0.8835937500000001 0.15625 0.1484375
8 0.09531250000000001 0.9125000000000001 0.1 0.08125
8 0.06484375 0.77890625 0.0546875 0.1015625
8 0.05859375 0.57421875 0.060937500000000006 0.07968750000000001
8 0.51015625 0.026562500000000003 0.06406250000000001 0.046875