8 0.76484375 0.08046875 0.0921875 0.060937500000000006
8 0.54609375 0.14453125 0.09843750000000001 0.060937500000000006
8 0.03125 0.37734375000000003 0.0625 0.09843750000000001
8 0.31484375000000003 0.31875000000000003 0.1078125 0.096875
8 0.40546875000000004 0.4140625 0.1390625 0.16562500000000002
8 0.54453125 0.36171875000000003 0.1078125 0.0921875
8 0.7265625 0.33125000000000004 0.084375 0.096875
8 0.8445312500000001 0.5296875 0.2078125 0.1625
8 0.65 0.5867187500000001 0.1875 0.15156250000000002
8 0.36250000000000004 0.5859375 0.134375 0.184375
8 0.2078125 0.571875 0.15000000000000002 0.12187500000000001
8 0.05 0.6109375 0.1 0.146875
8 0.5140625 0.6882812500000001 0.25625000000000003 0.1953125
8 0.5945312500000001 0.9031250000000001 0.16718750000000002 0.171875
8 0.10312500000000001 0.94453125 0.10625000000000001 0.11093750000000001
8 0.053125000000000006 0.74765625 0.084375 0.0921875
8 0.33437500000000003 0.07421875 0.06875 0.06406250000000001