8 0.8367187500000001 0.66328125 0.0671875 0.08281250000000001
10 0.6734375 0.23671875 0.0625 0.0328125
10 0.63203125 0.259375 0.060937500000000006 0.034375
10 0.63046875 0.2734375 0.060937500000000006 0.03125
10 0.6328125 0.290625 0.059375000000000004 0.028125
10 0.634375 0.30703125000000003 0.0625 0.0328125
10 0.68359375 0.30000000000000004 0.045312500000000006 0.021875000000000002
10 0.68125 0.28359375000000003 0.043750000000000004 0.0234375
10 0.6804687500000001 0.26796875000000003 0.045312500000000006 0.0203125
10 0.6804687500000001 0.2515625 0.045312500000000006 0.025
10 0.8359375 0.21171875 0.07187500000000001 0.0484375
10 0.84765625 0.28984375 0.045312500000000006 0.035937500000000004
10 0.8484375000000001 0.27187500000000003 0.037500000000000006 0.028125
10 0.846875 0.30703125000000003 0.040625 0.0328125
10 0.815625 0.31015625 0.034375 0.035937500000000004