2 0.68125 0.24531250000000002 0.21250000000000002 0.353125
2 0.6976562500000001 0.5203125000000001 0.1703125 0.16875
2 0.7664062500000001 0.7390625000000001 0.1484375 0.2
2 0.4265625 0.52890625 0.140625 0.2921875
2 0.45703125 0.309375 0.1609375 0.15937500000000002
2 0.30625 0.47968750000000004 0.178125 0.178125
2 0.23671875 0.30390625000000004 0.1078125 0.07968750000000001
2 0.1328125 0.33984375 0.15625 0.2515625
2 0.0484375 0.65390625 0.096875 0.1953125
2 0.029687500000000002 0.8703125 0.059375000000000004 0.10625000000000001
2 0.19843750000000002 0.90234375 0.146875 0.16718750000000002