2 0.296875 0.68359375 0.225 0.3484375
2 0.18046875 0.45546875000000003 0.13593750000000002 0.1390625
2 0.30703125000000003 0.41718750000000004 0.1203125 0.053125000000000006
2 0.47187500000000004 0.40937500000000004 0.09062500000000001 0.09062500000000001
2 0.44843750000000004 0.496875 0.08125 0.05625
2 0.39687500000000003 0.51796875 0.096875 0.18906250000000002
2 0.56875 0.47734375 0.078125 0.045312500000000006
2 0.48203125 0.325 0.0921875 0.15937500000000002
2 0.69921875 0.34921875 0.15156250000000002 0.1453125
2 0.8500000000000001 0.38828125 0.13125 0.1796875
2 0.96796875 0.5578125 0.060937500000000006 0.10625000000000001
2 0.8289062500000001 0.6046875 0.16718750000000002 0.20625000000000002
2 0.9070312500000001 0.7835937500000001 0.1234375 0.07968750000000001
2 0.5875 0.6328125 0.20625000000000002 0.16875
2 0.5765625 0.7421875 0.1625 0.18125000000000002