8 0.25703125 0.8265625000000001 0.0734375 0.084375
10 0.24765625000000002 0.35781250000000003 0.060937500000000006 0.037500000000000006
10 0.29296875 0.35781250000000003 0.060937500000000006 0.040625
10 0.29921875000000003 0.37109375 0.060937500000000006 0.035937500000000004
10 0.30312500000000003 0.38828125 0.059375000000000004 0.0328125
10 0.30859375 0.403125 0.060937500000000006 0.037500000000000006
10 0.26171875 0.42031250000000003 0.045312500000000006 0.025
10 0.2578125 0.40546875000000004 0.043750000000000004 0.026562500000000003
10 0.25234375000000003 0.38906250000000003 0.045312500000000006 0.025
10 0.246875 0.37421875000000004 0.046875 0.029687500000000002
10 0.09296875 0.4109375 0.0734375 0.053125000000000006
10 0.11015625000000001 0.48828125 0.045312500000000006 0.0390625
10 0.10390625 0.47109375000000003 0.0390625 0.029687500000000002
10 0.1171875 0.503125 0.040625 0.037500000000000006
10 0.146875 0.49140625000000004 0.037500000000000006 0.0390625