2 0.1546875 0.6882812500000001 0.23125 0.3515625
2 0.1125 0.4265625 0.171875 0.153125
2 0.17734375000000002 0.17890625000000002 0.1765625 0.32656250000000003
2 0.45234375000000004 0.215625 0.1296875 0.153125
2 0.58359375 0.2625 0.1078125 0.27187500000000003
2 0.6671875 0.18671875000000002 0.1125 0.0546875
2 0.9476562500000001 0.1453125 0.1046875 0.19375
2 0.8968750000000001 0.4140625 0.134375 0.09375
2 0.9437500000000001 0.57578125 0.1125 0.1390625
2 0.7406250000000001 0.75 0.36875 0.325
2 0.35468750000000004 0.48281250000000003 0.259375 0.246875