8 0.47109375000000003 0.0703125 0.0546875 0.06875
8 0.50546875 0.14921875 0.09843750000000001 0.16718750000000002
8 0.6218750000000001 0.33203125 0.12187500000000001 0.18906250000000002
8 0.54296875 0.36484375 0.08281250000000001 0.1390625
8 0.509375 0.49375 0.043750000000000004 0.05
8 0.54140625 0.61640625 0.0546875 0.09531250000000001
8 0.49609375 0.63828125 0.045312500000000006 0.0671875
8 0.48125 0.6742187500000001 0.034375 0.0671875
8 0.47968750000000004 0.7234375000000001 0.034375 0.065625
8 0.45937500000000003 0.721875 0.025 0.046875
8 0.44062500000000004 0.65625 0.03125 0.043750000000000004
8 0.415625 0.6953125 0.028125 0.0625
8 0.38671875 0.6421875 0.0234375 0.059375000000000004
8 0.4421875 0.56796875 0.043750000000000004 0.0734375
8 0.39921875 0.5625 0.026562500000000003 0.05
8 0.40156250000000004 0.6000000000000001 0.021875000000000002 0.046875
8 0.38828125 0.59296875 0.0203125 0.045312500000000006
8 0.375 0.58515625 0.021875000000000002 0.0484375
8 0.37734375000000003 0.5078125 0.026562500000000003 0.05625
8 0.4140625 0.47500000000000003 0.043750000000000004 0.065625
8 0.43203125000000003 0.45390625 0.0421875 0.0765625
8 0.42812500000000003 0.36953125000000003 0.05 0.0859375
8 0.37734375000000003 0.4140625 0.026562500000000003 0.043750000000000004
8 0.35390625000000003 0.4140625 0.0234375 0.046875
8 0.3453125 0.33828125000000003 0.03125 0.060937500000000006
8 0.32421875 0.38125000000000003 0.0234375 0.053125000000000006
8 0.36484375 0.15000000000000002 0.051562500000000004 0.09375
8 0.32890625 0.20390625 0.029687500000000002 0.0671875
8 0.31171875000000004 0.29375 0.0390625 0.06875
8 0.28203125 0.24921875000000002 0.029687500000000002 0.06406250000000001
8 0.29375 0.375 0.025 0.046875
8 0.3125 0.38984375000000004 0.028125 0.0671875
8 0.340625 0.45 0.03125 0.06875
8 0.3375 0.4859375 0.021875000000000002 0.046875
8 0.47968750000000004 0.8140625 0.028125 0.05625
8 0.5265625 0.8656250000000001 0.040625 0.07500000000000001
8 0.5789062500000001 0.8984375 0.0546875 0.08750000000000001
8 0.63203125 0.8796875000000001 0.0546875 0.09062500000000001
8 0.67109375 0.82578125 0.06406250000000001 0.0890625
8 0.71796875 0.8921875 0.0546875 0.096875
8 0.8359375 0.9453125 0.08750000000000001 0.109375
8 0.95234375 0.79609375 0.0578125 0.1921875