13 0.6414062500000001 0.43593750000000003 0.051562500000000004 0.034375
13 0.6640625 0.46953125 0.046875 0.0578125
13 0.671875 0.54140625 0.059375000000000004 0.0546875
13 0.89765625 0.6375000000000001 0.1234375 0.096875
13 0.6109375 0.67109375 0.034375 0.026562500000000003
13 0.46875 0.49140625000000004 0.021875000000000002 0.029687500000000002
13 0.52734375 0.44453125000000004 0.0390625 0.029687500000000002
13 0.37109375 0.5398437500000001 0.026562500000000003 0.0421875
13 0.38984375000000004 0.6156250000000001 0.0578125 0.028125
13 0.5906250000000001 0.88671875 0.0625 0.060937500000000006
13 0.30390625000000004 0.8093750000000001 0.0671875 0.040625
13 0.10546875 0.6296875000000001 0.0703125 0.1
13 0.08203125 0.54453125 0.0421875 0.045312500000000006
13 0.0671875 0.8203125 0.05625 0.037500000000000006