8 0.8046875 0.5703125 0.109375 0.178125
8 0.87890625 0.8851562500000001 0.1421875 0.1484375
8 0.6859375000000001 0.97421875 0.043750000000000004 0.051562500000000004
8 0.6156250000000001 0.9265625000000001 0.03125 0.07500000000000001
8 0.540625 0.84140625 0.043750000000000004 0.0859375
8 0.4859375 0.75546875 0.025 0.060937500000000006
8 0.43828125 0.66171875 0.0171875 0.045312500000000006
8 0.5359375000000001 0.6820312500000001 0.040625 0.0671875
8 0.603125 0.7429687500000001 0.046875 0.0921875
8 0.62109375 0.6781250000000001 0.0390625 0.040625
8 0.7367187500000001 0.7015625000000001 0.0859375 0.1125
8 0.7953125000000001 0.44062500000000004 0.07500000000000001 0.065625
8 0.5453125 0.453125 0.043750000000000004 0.084375
8 0.51484375 0.48671875000000003 0.035937500000000004 0.060937500000000006
8 0.47421875 0.46015625000000004 0.0484375 0.0671875
8 0.41484375 0.45078125 0.026562500000000003 0.0484375
8 0.40078125000000003 0.46406250000000004 0.0203125 0.053125000000000006
8 0.36250000000000004 0.43671875000000004 0.018750000000000003 0.060937500000000006
8 0.38984375000000004 0.51875 0.0171875 0.0625
8 0.38125000000000003 0.42734375 0.015625 0.035937500000000004
8 0.33671875 0.2765625 0.0171875 0.053125000000000006
8 0.328125 0.16718750000000002 0.021875000000000002 0.08125
8 0.30390625000000004 0.11640625 0.0234375 0.06406250000000001
8 0.37031250000000004 0.11640625 0.043750000000000004 0.1265625
8 0.446875 0.11875000000000001 0.037500000000000006 0.096875
8 0.5484375 0.19453125000000002 0.078125 0.1546875
8 0.41640625000000003 0.2328125 0.035937500000000004 0.059375000000000004
8 0.39296875000000003 0.28984375 0.0234375 0.0546875
8 0.4375 0.34218750000000003 0.03125 0.0625
8 0.39687500000000003 0.37812500000000004 0.025 0.059375000000000004
8 0.48046875 0.5484375 0.035937500000000004 0.06875
8 0.4421875 0.5578125 0.028125 0.053125000000000006
8 0.44453125000000004 0.60546875 0.0171875 0.0421875
8 0.47109375000000003 0.6390625000000001 0.0234375 0.05
8 0.49531250000000004 0.6390625000000001 0.025 0.0625
8 0.35625 0.19765625 0.025 0.0671875
8 0.35546875 0.26953125 0.0234375 0.08281250000000001