2 0.6023437500000001 0.753125 0.0203125 0.028125
2 0.5945312500000001 0.6898437500000001 0.029687500000000002 0.060937500000000006
2 0.58515625 0.63984375 0.026562500000000003 0.0390625
2 0.546875 0.640625 0.0125 0.021875000000000002
2 0.496875 0.67734375 0.018750000000000003 0.0234375
2 0.5554687500000001 0.7351562500000001 0.026562500000000003 0.035937500000000004
2 0.56484375 0.81640625 0.0140625 0.0234375
2 0.53828125 0.8070312500000001 0.0203125 0.0234375
2 0.5109375 0.77890625 0.021875000000000002 0.060937500000000006
2 0.484375 0.74140625 0.028125 0.026562500000000003
2 0.47500000000000003 0.71796875 0.03125 0.0234375
2 0.42734375 0.6781250000000001 0.026562500000000003 0.034375
2 0.45703125 0.790625 0.0234375 0.034375
2 0.4890625 0.8265625000000001 0.025 0.03125
2 0.51484375 0.87109375 0.045312500000000006 0.06406250000000001
2 0.41328125000000004 0.8625 0.0421875 0.065625
2 0.384375 0.81953125 0.028125 0.0234375
2 0.415625 0.7781250000000001 0.018750000000000003 0.025
2 0.3640625 0.603125 0.021875000000000002 0.0625