8 0.37265625 0.2859375 0.0671875 0.07187500000000001
8 0.46796875000000004 0.34218750000000003 0.0390625 0.021875000000000002
8 0.44843750000000004 0.359375 0.043750000000000004 0.05
8 0.42890625000000004 0.41796875 0.0421875 0.0484375
8 0.4578125 0.41953125 0.043750000000000004 0.0234375
8 0.51171875 0.43671875000000004 0.0421875 0.0421875
8 0.5578125 0.47578125000000004 0.05625 0.0390625
8 0.60546875 0.5328125 0.0484375 0.037500000000000006
8 0.6820312500000001 0.49375 0.045312500000000006 0.040625
8 0.67109375 0.43203125000000003 0.060937500000000006 0.051562500000000004
8 0.64453125 0.38984375000000004 0.051562500000000004 0.0328125
8 0.62890625 0.33515625000000004 0.029687500000000002 0.0234375
8 0.5734375 0.36015625 0.034375 0.045312500000000006
8 0.7828125 0.31953125000000004 0.05625 0.060937500000000006
8 0.85546875 0.54140625 0.0421875 0.0390625
8 0.5398437500000001 0.5796875 0.045312500000000006 0.040625
8 0.48515625 0.58046875 0.051562500000000004 0.0484375
8 0.50625 0.6335937500000001 0.05 0.0390625
8 0.36250000000000004 0.6000000000000001 0.05625 0.043750000000000004
8 0.31796875 0.5750000000000001 0.0421875 0.028125
8 0.2625 0.5921875 0.05 0.037500000000000006
8 0.25078125 0.6265625 0.045312500000000006 0.037500000000000006
8 0.2578125 0.63828125 0.05 0.0390625
8 0.35000000000000003 0.6781250000000001 0.046875 0.043750000000000004
8 0.38359375 0.39296875000000003 0.0421875 0.051562500000000004
8 0.39687500000000003 0.45078125 0.07187500000000001 0.0484375
8 0.40156250000000004 0.49765625 0.065625 0.045312500000000006
8 0.39140625 0.50703125 0.0390625 0.0390625
8 0.37109375 0.5109375 0.0578125 0.05
8 0.3296875 0.46406250000000004 0.037500000000000006 0.03125
8 0.275 0.45546875000000003 0.0625 0.051562500000000004
8 0.23203125000000002 0.45546875000000003 0.045312500000000006 0.0421875
8 0.215625 0.43125 0.059375000000000004 0.043750000000000004
8 0.25 0.3796875 0.06875 0.040625
8 0.15703125 0.39140625 0.0546875 0.0421875
8 0.1390625 0.446875 0.043750000000000004 0.053125000000000006
8 0.146875 0.5140625 0.059375000000000004 0.043750000000000004
8 0.2109375 0.5281250000000001 0.046875 0.043750000000000004
8 0.24140625000000002 0.53515625 0.0421875 0.045312500000000006
8 0.15390625000000002 0.5640625 0.0390625 0.046875
8 0.05859375 0.6429687500000001 0.051562500000000004 0.051562500000000004