5 0.12265625000000001 0.71640625 0.0328125 0.0203125
5 0.15156250000000002 0.73203125 0.034375 0.0234375
5 0.17421875 0.7781250000000001 0.0171875 0.021875000000000002
5 0.203125 0.7468750000000001 0.015625 0.034375
5 0.296875 0.7828125 0.05625 0.028125
5 0.23125 0.8515625 0.03125 0.028125
5 0.17500000000000002 0.86484375 0.028125 0.026562500000000003
5 0.09531250000000001 0.82421875 0.034375 0.051562500000000004
5 0.11640625 0.859375 0.029687500000000002 0.025
5 0.032031250000000004 0.83125 0.0234375 0.059375000000000004
0 0.18515625000000002 0.7445312500000001 0.010937500000000001 0.0203125
16 0.215625 0.7171875000000001 0.0125 0.009375000000000001
16 0.25390625 0.70625 0.0140625 0.0125
16 0.29140625000000003 0.70078125 0.010937500000000001 0.0078125
16 0.3015625 0.7125 0.0125 0.0125
16 0.3359375 0.70625 0.00625 0.034375
1 0.3046875 0.6828125 0.009375000000000001 0.009375000000000001
1 0.31015625 0.73046875 0.0078125 0.0140625
1 0.278125 0.7234375000000001 0.00625 0.0125
1 0.2515625 0.73828125 0.0125 0.0140625
1 0.26640625 0.7671875 0.0203125 0.009375000000000001
1 0.2421875 0.7664062500000001 0.009375000000000001 0.0140625
15 0.025781250000000002 0.6781250000000001 0.0484375 0.028125
15 0.0140625 0.70078125 0.028125 0.0203125
15 0.0859375 0.6671875 0.018750000000000003 0.018750000000000003
15 0.010937500000000001 0.7273437500000001 0.021875000000000002 0.029687500000000002
15 0.43828125 0.6734375 0.051562500000000004 0.025
15 0.4765625 0.6859375000000001 0.028125 0.028125
15 0.53515625 0.6882812500000001 0.0328125 0.0234375