8 0.109375 0.46718750000000003 0.043750000000000004 0.03125
8 0.14921875 0.43281250000000004 0.0390625 0.025
8 0.18203125 0.42734375 0.035937500000000004 0.026562500000000003
8 0.25390625 0.57421875 0.045312500000000006 0.051562500000000004
2 0.203125 0.525 0.07187500000000001 0.059375000000000004
2 0.2515625 0.55234375 0.09375 0.0890625
9 0.275 0.72265625 0.07500000000000001 0.06406250000000001
9 0.1875 0.8578125000000001 0.046875 0.053125000000000006
9 0.30000000000000004 0.9390625 0.05625 0.06875
9 0.36953125000000003 0.8125 0.051562500000000004 0.053125000000000006
11 0.46796875000000004 0.61640625 0.0421875 0.0421875
0 0.4296875 0.67578125 0.028125 0.0390625
7 0.39921875 0.5109375 0.029687500000000002 0.040625
7 0.39375000000000004 0.55078125 0.025 0.029687500000000002
2 0.43515625 0.49296875 0.07968750000000001 0.0734375
0 0.44921875 0.45546875000000003 0.0234375 0.035937500000000004
0 0.43984375000000003 0.45078125 0.0140625 0.0328125
2 0.41250000000000003 0.40078125000000003 0.05 0.0234375
2 0.46171875 0.353125 0.029687500000000002 0.028125
2 0.58046875 0.39687500000000003 0.0578125 0.034375
0 0.6039062500000001 0.36015625 0.0171875 0.0328125
13 0.6203125 0.3203125 0.034375 0.028125
2 0.5632812500000001 0.3046875 0.0484375 0.037500000000000006
11 0.7921875 0.34765625 0.015625 0.026562500000000003
0 0.7625000000000001 0.2625 0.03125 0.021875000000000002
7 0.8460937500000001 0.28671875 0.0171875 0.0234375
15 0.9046875000000001 0.240625 0.065625 0.06875
15 0.8523437500000001 0.23125 0.060937500000000006 0.05625
15 0.8015625000000001 0.21171875 0.0625 0.0484375
13 0.6671875 0.19609375 0.037500000000000006 0.0734375
13 0.7820312500000001 0.11640625 0.035937500000000004 0.0328125
13 0.7375 0.1125 0.0625 0.046875
13 0.7585937500000001 0.35078125000000004 0.0421875 0.026562500000000003
2 0.7406250000000001 0.42265625 0.043750000000000004 0.029687500000000002
2 0.75703125 0.44921875 0.0546875 0.035937500000000004
2 0.73046875 0.47187500000000004 0.0390625 0.025
4 0.7562500000000001 0.48203125 0.015625 0.029687500000000002
2 0.7742187500000001 0.51953125 0.0484375 0.0421875
9 0.6953125 0.50546875 0.03125 0.029687500000000002
2 0.8460937500000001 0.41484375 0.0578125 0.0390625
2 0.8734375000000001 0.46015625000000004 0.043750000000000004 0.0421875
2 0.71484375 0.60078125 0.0765625 0.0546875
9 0.83515625 0.60703125 0.035937500000000004 0.045312500000000006
0 0.8796875000000001 0.6882812500000001 0.03125 0.035937500000000004
0 0.67890625 0.7210937500000001 0.0390625 0.0328125
9 0.69296875 0.70234375 0.029687500000000002 0.0328125
2 0.6039062500000001 0.51796875 0.0546875 0.0484375
3 0.6039062500000001 0.5515625000000001 0.0234375 0.043750000000000004
11 0.5625 0.6078125000000001 0.028125 0.025
3 0.5359375000000001 0.7046875 0.025 0.046875
9 0.49375 0.9148437500000001 0.059375000000000004 0.0578125