13 0.82578125 0.14140625 0.0890625 0.09531250000000001
5 0.3125 0.6937500000000001 0.225 0.134375
5 0.68671875 0.93671875 0.1265625 0.1265625
5 0.9398437500000001 0.6898437500000001 0.1203125 0.20468750000000002
5 0.8078125 0.46640625 0.10312500000000001 0.2265625
5 0.68125 0.3359375 0.0625 0.134375
5 0.8835937500000001 0.33203125 0.1390625 0.07968750000000001
5 0.890625 0.446875 0.046875 0.06875
1 0.61875 0.5109375 0.05625 0.05625
1 0.3765625 0.35546875 0.040625 0.0421875
1 0.46015625000000004 0.48046875 0.035937500000000004 0.060937500000000006
1 0.38906250000000003 0.5578125 0.034375 0.053125000000000006
16 0.40625 0.47968750000000004 0.028125 0.05625
16 0.44453125000000004 0.41328125000000004 0.045312500000000006 0.0328125
16 0.27265625 0.49140625000000004 0.035937500000000004 0.1484375
0 0.99375 0.628125 0.0125 0.1
5 0.9640625 0.43593750000000003 0.07187500000000001 0.115625