8 0.98203125 0.2265625 0.035937500000000004 0.115625
8 0.37109375 0.44843750000000004 0.1390625 0.20625000000000002
8 0.23593750000000002 0.18125000000000002 0.09062500000000001 0.115625
8 0.47890625000000003 0.9070312500000001 0.09843750000000001 0.17343750000000002
8 0.5640625 0.44296875 0.084375 0.1390625
8 0.7515625 0.47578125000000004 0.078125 0.15156250000000002
8 0.8851562500000001 0.540625 0.0671875 0.1125
8 0.96015625 0.5203125000000001 0.060937500000000006 0.10312500000000001
8 0.9171875 0.390625 0.09375 0.08125
8 0.9296875 0.153125 0.06875 0.10312500000000001
8 0.7117187500000001 0.22968750000000002 0.0890625 0.134375
8 0.1875 0.9484375 0.1375 0.10312500000000001
8 0.55078125 0.039843750000000004 0.11093750000000001 0.07968750000000001
8 0.68671875 0.03828125 0.1453125 0.0765625
8 0.9320312500000001 0.04609375 0.0765625 0.0921875