8 0.5921875 0.11093750000000001 0.12812500000000002 0.178125
8 0.49765625 0.12890625 0.0859375 0.1546875
8 0.41250000000000003 0.18125000000000002 0.1125 0.15937500000000002
8 0.4 0.33125000000000004 0.09062500000000001 0.14375000000000002
8 0.48671875000000003 0.46015625000000004 0.11093750000000001 0.16718750000000002
8 0.80390625 0.44062500000000004 0.1765625 0.209375
8 0.875 0.8078125 0.1375 0.253125
8 0.659375 0.81796875 0.125 0.15781250000000002
8 0.66796875 0.9484375 0.15156250000000002 0.10312500000000001
8 0.9796875 0.87265625 0.040625 0.1796875
8 0.53046875 0.71015625 0.0765625 0.1171875
8 0.49531250000000004 0.7109375 0.084375 0.171875
8 0.51328125 0.85859375 0.1015625 0.1203125
8 0.41875 0.70234375 0.07500000000000001 0.09531250000000001
8 0.30312500000000003 0.5859375 0.09375 0.13125
8 0.26796875000000003 0.13828125 0.1203125 0.17343750000000002
8 0.16328125000000002 0.10546875 0.0859375 0.09531250000000001
8 0.16640625 0.24453125 0.07968750000000001 0.13593750000000002
8 0.22265625 0.45859375 0.0921875 0.0921875
8 0.2671875 0.6359375 0.08125 0.11875000000000001
8 0.265625 0.753125 0.07500000000000001 0.10625000000000001
8 0.13359375 0.61484375 0.0484375 0.0578125
8 0.203125 0.83984375 0.040625 0.08281250000000001
8 0.02421875 0.21640625000000002 0.029687500000000002 0.1171875
8 0.10625000000000001 0.40078125000000003 0.08750000000000001 0.1015625
8 0.10312500000000001 0.46484375 0.059375000000000004 0.09843750000000001