13 0.7718750000000001 0.15234375 0.08125 0.08281250000000001
2 0.60546875 0.21875 0.0546875 0.03125
2 0.7859375000000001 0.3328125 0.10625000000000001 0.10312500000000001
2 0.5921875 0.375 0.09375 0.09062500000000001
2 0.44375000000000003 0.26640625 0.059375000000000004 0.0421875
2 0.51171875 0.21875 0.0484375 0.03125
13 0.446875 0.3171875 0.07187500000000001 0.06875
0 0.2515625 0.1875 0.034375 0.028125
13 0.35703125 0.23984375000000002 0.051562500000000004 0.035937500000000004
13 0.26875 0.27265625 0.037500000000000006 0.0328125
9 0.36562500000000003 0.42265625 0.028125 0.035937500000000004
2 0.42890625000000004 0.39609375 0.060937500000000006 0.0578125
11 0.434375 0.45078125 0.021875000000000002 0.029687500000000002
3 0.51015625 0.415625 0.035937500000000004 0.046875
11 0.49375 0.47421875 0.03125 0.026562500000000003
11 0.48125 0.5359375000000001 0.037500000000000006 0.05
0 0.47734375 0.5984375000000001 0.035937500000000004 0.043750000000000004
3 0.5164062500000001 0.6546875000000001 0.0390625 0.040625
7 0.5484375 0.64375 0.037500000000000006 0.037500000000000006
9 0.38671875 0.6109375 0.0390625 0.05
13 0.40703125 0.67734375 0.0890625 0.0890625
0 0.24609375 0.59921875 0.0390625 0.035937500000000004
9 0.23515625 0.55390625 0.0421875 0.0484375
2 0.16562500000000002 0.49921875000000004 0.07187500000000001 0.051562500000000004
2 0.19765625 0.44609375 0.051562500000000004 0.0546875
11 0.584375 0.4546875 0.046875 0.046875
0 0.6312500000000001 0.50390625 0.03125 0.0390625
9 0.6976562500000001 0.6687500000000001 0.060937500000000006 0.084375
9 0.79609375 0.728125 0.06406250000000001 0.07500000000000001
9 0.8890625000000001 0.61484375 0.053125000000000006 0.0546875
9 0.78828125 0.5046875000000001 0.08281250000000001 0.07500000000000001
0 0.6000000000000001 0.27968750000000003 0.025 0.037500000000000006
7 0.64609375 0.36562500000000003 0.029687500000000002 0.03125
7 0.70859375 0.3328125 0.035937500000000004 0.046875
7 0.8718750000000001 0.45390625 0.025 0.029687500000000002
8 0.9375 0.46796875000000004 0.034375 0.035937500000000004
8 0.9671875000000001 0.49609375 0.05 0.0390625
8 0.8601562500000001 0.246875 0.051562500000000004 0.040625
8 0.940625 0.3125 0.05 0.037500000000000006
8 0.9539062500000001 0.26640625 0.029687500000000002 0.035937500000000004
9 0.6039062500000001 0.7601562500000001 0.06406250000000001 0.060937500000000006
7 0.63671875 0.15703125 0.026562500000000003 0.026562500000000003
13 0.7351562500000001 0.40937500000000004 0.051562500000000004 0.037500000000000006
13 0.77109375 0.26328125 0.0390625 0.0421875
0 0.62421875 0.30078125 0.029687500000000002 0.0421875
0 0.446875 0.1875 0.03125 0.028125
2 0.43281250000000004 0.18125000000000002 0.05 0.037500000000000006
15 0.15781250000000002 0.15781250000000002 0.15937500000000002 0.07500000000000001
15 0.11796875000000001 0.2109375 0.0703125 0.05625