8 0.753125 0.31953125000000004 0.178125 0.2171875
8 0.6578125 0.2328125 0.09375 0.153125
8 0.55390625 0.1640625 0.0921875 0.1625
8 0.46953125 0.23203125000000002 0.0921875 0.11093750000000001
8 0.23359375000000002 0.1078125 0.0921875 0.134375
8 0.06484375 0.08828125 0.0484375 0.0578125
8 0.05390625 0.290625 0.045312500000000006 0.08750000000000001
8 0.15390625000000002 0.31171875000000004 0.06406250000000001 0.09531250000000001
8 0.19609375 0.25 0.060937500000000006 0.08125
8 0.26484375 0.2703125 0.0859375 0.1
8 0.32265625000000003 0.44296875 0.0703125 0.1046875
8 0.34218750000000003 0.60546875 0.065625 0.09843750000000001
8 0.3984375 0.5328125 0.078125 0.12812500000000002
8 0.41796875 0.5640625 0.0546875 0.09062500000000001
8 0.4734375 0.703125 0.059375000000000004 0.115625
8 0.42109375000000004 0.78671875 0.09843750000000001 0.17343750000000002
8 0.16328125000000002 0.77265625 0.0421875 0.0921875
8 0.7351562500000001 0.67734375 0.0890625 0.13593750000000002
8 0.6312500000000001 0.85078125 0.109375 0.15781250000000002
8 0.46875 0.94921875 0.0625 0.07968750000000001
8 0.4921875 0.39687500000000003 0.115625 0.146875
8 0.9148437500000001 0.14375000000000002 0.1640625 0.23750000000000002