8 0.22734375 0.11875000000000001 0.0484375 0.1
8 0.2921875 0.29140625000000003 0.040625 0.0703125
8 0.21875 0.25546875 0.053125000000000006 0.1171875
8 0.23125 0.22968750000000002 0.028125 0.0625
8 0.41796875 0.33828125000000003 0.060937500000000006 0.06406250000000001
8 0.42421875000000003 0.20234375000000002 0.035937500000000004 0.051562500000000004
8 0.40234375 0.05625 0.0484375 0.05
8 0.57578125 0.6101562500000001 0.0734375 0.11093750000000001
8 0.42265625 0.7000000000000001 0.06406250000000001 0.115625
8 0.49609375 0.53046875 0.07968750000000001 0.0859375
8 0.34218750000000003 0.55703125 0.0625 0.1046875
8 0.026562500000000003 0.27421875 0.053125000000000006 0.1296875
8 0.11328125 0.22265625 0.051562500000000004 0.08281250000000001
8 0.81171875 0.09140625000000001 0.051562500000000004 0.08281250000000001
8 0.7664062500000001 0.10703125000000001 0.0390625 0.051562500000000004