5 0.56171875 0.39296875000000003 0.0578125 0.0765625
16 0.6156250000000001 0.37578125 0.043750000000000004 0.026562500000000003
1 0.59140625 0.51328125 0.0421875 0.0328125
1 0.6742187500000001 0.49609375 0.0234375 0.0328125
16 0.7140625 0.44609375 0.034375 0.026562500000000003
16 0.74609375 0.496875 0.0234375 0.037500000000000006
1 0.76328125 0.40625 0.0328125 0.028125
1 0.76484375 0.55703125 0.026562500000000003 0.029687500000000002
16 0.84921875 0.51484375 0.0328125 0.1015625
1 0.6273437500000001 0.6140625000000001 0.060937500000000006 0.021875000000000002
1 0.55625 0.5828125000000001 0.03125 0.037500000000000006
5 0.7109375 0.69453125 0.18125000000000002 0.1171875
5 0.503125 0.8140625 0.096875 0.08125
5 0.34765625 0.78125 0.0859375 0.07187500000000001
5 0.15078125 0.58515625 0.1046875 0.1453125
5 0.19609375 0.69921875 0.0890625 0.0703125
0 0.29921875000000003 0.57578125 0.0484375 0.060937500000000006
5 0.284375 0.421875 0.043750000000000004 0.053125000000000006
5 0.24375000000000002 0.30625 0.096875 0.05