13 0.09921875000000001 0.19453125000000002 0.1265625 0.2421875
13 0.04296875 0.14609375 0.0859375 0.16718750000000002
13 0.13828125 0.8054687500000001 0.0578125 0.0859375
7 0.2609375 0.31328125 0.05625 0.0421875
7 0.41875 0.29453125 0.065625 0.0578125
7 0.33515625000000004 0.4078125 0.051562500000000004 0.084375
7 0.284375 0.61328125 0.053125000000000006 0.0703125
7 0.24296875 0.70859375 0.0328125 0.0421875
7 0.371875 0.8523437500000001 0.053125000000000006 0.0578125
7 0.4765625 0.7671875 0.043750000000000004 0.046875
7 0.55234375 0.44296875 0.06406250000000001 0.1078125
7 0.6921875000000001 0.5484375 0.06875 0.09375
7 0.6195312500000001 0.80390625 0.0921875 0.1078125