0 0.4703125 0.5609375 0.018750000000000003 0.10312500000000001
0 0.51484375 0.63984375 0.0234375 0.09843750000000001
0 0.5578125 0.6585937500000001 0.05625 0.0328125
0 0.6156250000000001 0.49609375 0.028125 0.0890625
0 0.6781250000000001 0.46015625000000004 0.043750000000000004 0.035937500000000004
0 0.82578125 0.5046875000000001 0.0234375 0.078125
0 0.9015625 0.51171875 0.043750000000000004 0.035937500000000004
0 0.7468750000000001 0.6296875000000001 0.03125 0.043750000000000004
0 0.64609375 0.77890625 0.0203125 0.0421875
0 0.63671875 0.8296875 0.045312500000000006 0.046875
0 0.7468750000000001 0.7718750000000001 0.03125 0.03125
0 0.7523437500000001 0.7523437500000001 0.035937500000000004 0.026562500000000003
0 0.8359375 0.7507812500000001 0.03125 0.029687500000000002
0 0.8054687500000001 0.7992187500000001 0.0203125 0.045312500000000006
0 0.78515625 0.8078125 0.0171875 0.046875
0 0.7484375000000001 0.87890625 0.043750000000000004 0.029687500000000002
0 0.8671875 0.9164062500000001 0.028125 0.0765625
0 0.9460937500000001 0.815625 0.026562500000000003 0.034375
0 0.72578125 0.58203125 0.035937500000000004 0.0328125