13 0.6703125000000001 0.53671875 0.040625 0.051562500000000004
13 0.46328125000000003 0.7078125000000001 0.0484375 0.07500000000000001
13 0.53359375 0.5390625 0.0671875 0.046875
13 0.35000000000000003 0.42890625000000004 0.053125000000000006 0.0390625
15 0.77734375 0.478125 0.18281250000000002 0.06875
15 0.9382812500000001 0.51171875 0.1234375 0.045312500000000006
8 0.4546875 0.5046875000000001 0.03125 0.028125
8 0.5554687500000001 0.46328125000000003 0.0234375 0.0140625
8 0.33906250000000004 0.4859375 0.037500000000000006 0.028125
8 0.20234375000000002 0.59765625 0.0234375 0.026562500000000003
8 0.15234375 0.5984375000000001 0.0484375 0.0125
8 0.1765625 0.5578125 0.037500000000000006 0.028125
8 0.18046875 0.48515625 0.035937500000000004 0.0203125
8 0.20078125000000002 0.4546875 0.026562500000000003 0.021875000000000002
8 0.21875 0.49453125000000003 0.009375000000000001 0.0234375
8 0.16328125000000002 0.44609375 0.029687500000000002 0.029687500000000002
8 0.19296875000000002 0.40546875000000004 0.0484375 0.029687500000000002
8 0.0890625 0.5890625 0.025 0.03125
8 0.15000000000000002 0.6625000000000001 0.034375 0.018750000000000003
8 0.0484375 0.5789062500000001 0.018750000000000003 0.0203125
8 0.030468750000000003 0.52109375 0.0390625 0.0203125
8 0.035937500000000004 0.6976562500000001 0.034375 0.045312500000000006
8 0.06953125 0.55078125 0.035937500000000004 0.026562500000000003
5 0.084375 0.5164062500000001 0.034375 0.0234375
5 0.34687500000000004 0.72578125 0.06875 0.1765625
0 0.2328125 0.69140625 0.025 0.0390625
2 0.09453125000000001 0.3828125 0.051562500000000004 0.046875
2 0.0921875 0.42265625 0.015625 0.0234375
11 0.22265625 0.64453125 0.0203125 0.0234375
11 0.16015625 0.67734375 0.0140625 0.0140625
11 0.22187500000000002 0.5984375000000001 0.015625 0.025
5 0.10546875 0.46718750000000003 0.0234375 0.025