2 0.7015625000000001 0.72265625 0.07187500000000001 0.0390625
2 0.6195312500000001 0.7421875 0.0390625 0.0625
2 0.6257812500000001 0.80390625 0.045312500000000006 0.0390625
2 0.58828125 0.81171875 0.0421875 0.051562500000000004
2 0.49921875000000004 0.8078125 0.0421875 0.043750000000000004
2 0.44140625 0.73828125 0.0671875 0.060937500000000006
2 0.40546875000000004 0.69296875 0.060937500000000006 0.026562500000000003
2 0.47265625 0.62890625 0.0390625 0.035937500000000004
2 0.146875 0.58203125 0.046875 0.035937500000000004
2 0.2328125 0.91953125 0.09062500000000001 0.1265625
2 0.34609375000000003 0.7992187500000001 0.0390625 0.06406250000000001
2 0.4859375 0.92578125 0.10312500000000001 0.1015625
13 0.26953125 0.703125 0.09531250000000001 0.178125