13 0.25859375 0.62421875 0.051562500000000004 0.0484375
13 0.5671875000000001 0.63828125 0.05 0.029687500000000002
13 0.5453125 0.571875 0.028125 0.05
13 0.63671875 0.50390625 0.0203125 0.0390625
13 0.69453125 0.4453125 0.0421875 0.03125
13 0.81015625 0.41328125000000004 0.045312500000000006 0.0390625
13 0.83515625 0.44609375 0.0484375 0.051562500000000004
13 0.8453125 0.51953125 0.065625 0.0578125
13 0.79609375 0.6515625 0.035937500000000004 0.043750000000000004
13 0.92578125 0.67109375 0.0921875 0.1171875
13 0.79609375 0.875 0.06406250000000001 0.065625