8 0.696875 0.9 0.12187500000000001 0.14375000000000002
8 0.40937500000000004 0.7445312500000001 0.096875 0.1453125
8 0.46953125 0.6414062500000001 0.15781250000000002 0.17343750000000002
8 0.55859375 0.59609375 0.08281250000000001 0.09843750000000001
8 0.6875 0.7093750000000001 0.10312500000000001 0.1625
8 0.815625 0.69453125 0.07187500000000001 0.0890625
8 0.8601562500000001 0.6390625000000001 0.07968750000000001 0.10312500000000001
8 0.8929687500000001 0.553125 0.026562500000000003 0.021875000000000002
8 0.87421875 0.49765625 0.060937500000000006 0.07968750000000001
8 0.8296875 0.40937500000000004 0.065625 0.06875
8 0.7953125000000001 0.41640625000000003 0.059375000000000004 0.0671875
8 0.7640625000000001 0.2765625 0.043750000000000004 0.043750000000000004
8 0.6796875 0.2015625 0.043750000000000004 0.046875
8 0.7289062500000001 0.35468750000000004 0.035937500000000004 0.046875
8 0.7429687500000001 0.45859375 0.0671875 0.0578125
8 0.6859375000000001 0.5765625 0.07187500000000001 0.06875
8 0.6429687500000001 0.46953125 0.051562500000000004 0.060937500000000006
8 0.58515625 0.49843750000000003 0.0734375 0.078125
8 0.68125 0.403125 0.06875 0.053125000000000006
8 0.6296875000000001 0.38906250000000003 0.078125 0.059375000000000004
8 0.5867187500000001 0.30000000000000004 0.0484375 0.07500000000000001
8 0.6117187500000001 0.259375 0.045312500000000006 0.05625
8 0.6625000000000001 0.28750000000000003 0.046875 0.05
8 0.5750000000000001 0.15078125 0.040625 0.045312500000000006
8 0.6429687500000001 0.20078125000000002 0.0421875 0.051562500000000004
8 0.47265625 0.08046875 0.0734375 0.0546875
8 0.384375 0.043750000000000004 0.053125000000000006 0.046875
8 0.2828125 0.02890625 0.07187500000000001 0.029687500000000002
8 0.215625 0.084375 0.10312500000000001 0.08750000000000001
8 0.14453125 0.1234375 0.1421875 0.115625
8 0.38125000000000003 0.12109375 0.046875 0.045312500000000006
8 0.44843750000000004 0.15078125 0.053125000000000006 0.0578125
8 0.525 0.21640625000000002 0.059375000000000004 0.0546875
8 0.4609375 0.29531250000000003 0.065625 0.07187500000000001
8 0.43203125000000003 0.19765625 0.08281250000000001 0.0578125
8 0.3921875 0.24296875 0.0625 0.0734375
8 0.32890625 0.2421875 0.06406250000000001 0.078125
8 0.27187500000000003 0.24531250000000002 0.115625 0.109375
8 0.47734375 0.37421875000000004 0.09843750000000001 0.0921875
8 0.33125000000000004 0.43593750000000003 0.084375 0.1
8 0.45859375 0.4859375 0.0859375 0.115625