0 0.828125 0.6507812500000001 0.07500000000000001 0.035937500000000004
0 0.7078125000000001 0.6078125000000001 0.043750000000000004 0.05625
0 0.44140625 0.60078125 0.0734375 0.0328125
0 0.5046875000000001 0.7601562500000001 0.040625 0.0328125
0 0.6765625000000001 0.753125 0.05 0.025
0 0.74921875 0.69921875 0.0578125 0.029687500000000002
0 0.8515625 0.7171875000000001 0.043750000000000004 0.03125
0 0.9656250000000001 0.8343750000000001 0.043750000000000004 0.034375
0 0.9695312500000001 0.86484375 0.060937500000000006 0.0390625
0 0.80859375 0.79453125 0.0578125 0.029687500000000002
0 0.8070312500000001 0.7835937500000001 0.0578125 0.0234375
0 0.71875 0.79453125 0.028125 0.0328125
0 0.74921875 0.8093750000000001 0.029687500000000002 0.034375
0 0.8054687500000001 0.8617187500000001 0.0703125 0.029687500000000002
0 0.8132812500000001 0.9375 0.0328125 0.040625
0 0.6171875 0.84765625 0.040625 0.051562500000000004