0 0.22031250000000002 0.41250000000000003 0.046875 0.10625000000000001
0 0.39687500000000003 0.36015625 0.065625 0.11406250000000001
0 0.40234375 0.27265625 0.0546875 0.045312500000000006
0 0.5007812500000001 0.21406250000000002 0.051562500000000004 0.040625
0 0.6117187500000001 0.30390625000000004 0.0484375 0.08281250000000001
0 0.52734375 0.41484375 0.0484375 0.045312500000000006
0 0.56171875 0.45390625 0.0421875 0.045312500000000006
0 0.6859375000000001 0.52109375 0.028125 0.0578125
0 0.7250000000000001 0.42031250000000003 0.034375 0.040625
0 0.8054687500000001 0.43671875000000004 0.035937500000000004 0.051562500000000004
0 0.86875 0.64609375 0.053125000000000006 0.045312500000000006
0 0.7445312500000001 0.7140625 0.051562500000000004 0.084375
0 0.67109375 0.6375000000000001 0.0421875 0.05
0 0.58203125 0.5945312500000001 0.035937500000000004 0.0421875
0 0.49531250000000004 0.6273437500000001 0.05625 0.0421875
0 0.446875 0.696875 0.040625 0.059375000000000004
0 0.48281250000000003 0.7835937500000001 0.034375 0.0578125
0 0.63046875 0.8367187500000001 0.035937500000000004 0.060937500000000006
0 0.2484375 0.5906250000000001 0.07500000000000001 0.05625
0 0.3765625 0.54453125 0.065625 0.0484375
0 0.39921875 0.46640625 0.0703125 0.0546875