1 0.52734375 0.62890625 0.0421875 0.0390625
1 0.5554687500000001 0.7109375 0.0328125 0.040625
1 0.48203125 0.71484375 0.060937500000000006 0.029687500000000002
1 0.35234375 0.6117187500000001 0.026562500000000003 0.0328125
1 0.44843750000000004 0.58359375 0.025 0.035937500000000004
1 0.36796875 0.46406250000000004 0.0328125 0.03125
5 0.39296875000000003 0.76328125 0.18281250000000002 0.1265625
16 0.27265625 0.54296875 0.0390625 0.1015625
16 0.37578125 0.5593750000000001 0.0234375 0.040625
16 0.4140625 0.521875 0.034375 0.028125
16 0.5171875 0.48671875000000003 0.046875 0.029687500000000002
16 0.6671875 0.5125000000000001 0.043750000000000004 0.03125
5 0.6000000000000001 0.5171875 0.059375000000000004 0.10625000000000001
5 0.7406250000000001 0.63671875 0.043750000000000004 0.0546875
5 0.7992187500000001 0.5859375 0.0921875 0.06875
5 0.8718750000000001 0.81796875 0.1125 0.1546875
5 0.90546875 0.9554687500000001 0.0859375 0.0734375
0 0.80625 0.7914062500000001 0.05 0.06406250000000001
5 0.74140625 0.96796875 0.0890625 0.06406250000000001
5 0.58515625 0.95234375 0.1015625 0.0921875