2 0.5 0.5875 0.178125 0.19062500000000002
2 0.34687500000000004 0.42578125 0.140625 0.1203125
2 0.10078125 0.3828125 0.1328125 0.10312500000000001
2 0.46484375 0.33906250000000004 0.1265625 0.078125
2 0.03515625 0.48671875000000003 0.0703125 0.11093750000000001
2 0.2515625 0.08671875000000001 0.153125 0.11093750000000001
2 0.4109375 0.19609375 0.15937500000000002 0.1203125
2 0.5867187500000001 0.1453125 0.1546875 0.1
2 0.8296875 0.36250000000000004 0.1625 0.18125000000000002
0 0.79296875 0.140625 0.0578125 0.10312500000000001
4 0.59921875 0.7156250000000001 0.0484375 0.1
4 0.5242187500000001 0.775 0.09843750000000001 0.12812500000000002
4 0.6492187500000001 0.62265625 0.0921875 0.1046875
7 0.61875 0.8453125 0.046875 0.1
11 0.5703125 0.87421875 0.07187500000000001 0.0921875
11 0.81171875 0.5476562500000001 0.0578125 0.0859375
11 0.9640625 0.6671875 0.043750000000000004 0.065625
5 0.78828125 0.875 0.09531250000000001 0.171875