13 0.45156250000000003 0.628125 0.07187500000000001 0.07187500000000001
13 0.3484375 0.43046875 0.115625 0.13593750000000002
13 0.48046875 0.41328125000000004 0.045312500000000006 0.0421875
13 0.4453125 0.27734375 0.07187500000000001 0.06406250000000001
13 0.47109375000000003 0.20468750000000002 0.0578125 0.065625
13 0.49375 0.17421875 0.053125000000000006 0.0390625
13 0.6125 0.20078125000000002 0.053125000000000006 0.0390625
13 0.66171875 0.25859375 0.026562500000000003 0.0390625
13 0.7445312500000001 0.31953125000000004 0.0328125 0.0421875
13 0.71640625 0.38906250000000003 0.0578125 0.046875
13 0.971875 0.44843750000000004 0.05625 0.1125
13 0.978125 0.6351562500000001 0.043750000000000004 0.051562500000000004
13 0.75546875 0.5945312500000001 0.0734375 0.060937500000000006