13 0.47500000000000003 0.7171875000000001 0.03125 0.03125
13 0.48515625 0.69296875 0.010937500000000001 0.0171875
13 0.5164062500000001 0.765625 0.0234375 0.021875000000000002
13 0.46406250000000004 0.7820312500000001 0.021875000000000002 0.0171875
13 0.484375 0.828125 0.021875000000000002 0.015625
13 0.5476562500000001 0.7289062500000001 0.0078125 0.0140625
13 0.63984375 0.7046875 0.010937500000000001 0.0125
13 0.6609375000000001 0.70703125 0.009375000000000001 0.0078125
13 0.6171875 0.9281250000000001 0.028125 0.037500000000000006
13 0.55078125 0.88828125 0.0234375 0.0171875
10 0.7601562500000001 0.75 0.0140625 0.009375000000000001
10 0.77265625 0.7671875 0.0078125 0.009375000000000001
15 0.8328125000000001 0.9546875 0.043750000000000004 0.05625
15 0.8812500000000001 0.9710937500000001 0.046875 0.051562500000000004