2 0.61484375 0.6218750000000001 0.0890625 0.178125
2 0.5437500000000001 0.17734375000000002 0.034375 0.0546875
2 0.2890625 0.63828125 0.05625 0.1015625
2 0.3296875 0.5164062500000001 0.040625 0.0921875
2 0.3484375 0.5398437500000001 0.021875000000000002 0.0703125
2 0.34453125 0.41484375 0.0328125 0.0578125
2 0.19609375 0.7296875 0.0328125 0.053125000000000006
2 0.23359375000000002 0.80625 0.051562500000000004 0.10625000000000001
2 0.6640625 0.18125000000000002 0.03125 0.043750000000000004
2 0.67578125 0.1296875 0.035937500000000004 0.065625
2 0.5828125000000001 0.17890625000000002 0.028125 0.051562500000000004
5 0.634375 0.1484375 0.037500000000000006 0.07187500000000001
5 0.6429687500000001 0.26328125 0.0546875 0.0890625
5 0.690625 0.45234375000000004 0.046875 0.0859375
5 0.5554687500000001 0.67109375 0.045312500000000006 0.09531250000000001
5 0.37109375 0.84140625 0.026562500000000003 0.0546875
5 0.38828125 0.5125000000000001 0.026562500000000003 0.05
5 0.31875000000000003 0.925 0.028125 0.037500000000000006
0 0.28750000000000003 0.88203125 0.03125 0.0546875
8 0.46953125 0.7359375 0.026562500000000003 0.0625
8 0.42421875000000003 0.61328125 0.0234375 0.0546875
8 0.3296875 0.696875 0.03125 0.059375000000000004
0 0.52734375 0.42578125 0.0203125 0.0484375
4 0.603125 0.5296875 0.034375 0.053125000000000006
5 0.5203125000000001 0.6078125000000001 0.046875 0.07500000000000001
11 0.34609375000000003 0.8210937500000001 0.026562500000000003 0.045312500000000006
11 0.45078125 0.4109375 0.0203125 0.03125
11 0.49765625 0.21171875 0.026562500000000003 0.0484375
13 0.5281250000000001 0.09609375 0.040625 0.06406250000000001
13 0.4859375 0.41328125000000004 0.037500000000000006 0.07968750000000001
3 0.46796875000000004 0.11484375000000001 0.0171875 0.035937500000000004
7 0.38046875 0.23593750000000002 0.0203125 0.03125
0 0.32265625000000003 0.34609375000000003 0.0234375 0.0328125
0 0.275 0.37734375000000003 0.021875000000000002 0.029687500000000002
0 0.1796875 0.51953125 0.021875000000000002 0.0421875
2 0.1875 0.61484375 0.034375 0.07968750000000001
2 0.17578125 0.78046875 0.0203125 0.045312500000000006
2 0.16640625 0.596875 0.026562500000000003 0.05625
4 0.2828125 0.38906250000000003 0.015625 0.028125
8 0.3015625 0.51875 0.018750000000000003 0.03125
8 0.28203125 0.50703125 0.0140625 0.029687500000000002
8 0.2890625 0.48125 0.009375000000000001 0.015625
8 0.30234375 0.43281250000000004 0.0171875 0.028125
8 0.28671875 0.41875 0.0140625 0.021875000000000002
8 0.34765625 0.33671875 0.0140625 0.0171875
8 0.35078125000000004 0.31562500000000004 0.0203125 0.037500000000000006
8 0.33671875 0.31484375000000003 0.0078125 0.0203125
8 0.36015625 0.41328125000000004 0.0171875 0.0234375
8 0.37109375 0.43593750000000003 0.0140625 0.021875000000000002
8 0.38203125000000004 0.34609375000000003 0.0140625 0.0328125
8 0.47109375000000003 0.3984375 0.0203125 0.034375
8 0.5164062500000001 0.16484375 0.0171875 0.0328125
8 0.5007812500000001 0.13984375000000002 0.0171875 0.0328125
8 0.24531250000000002 0.6359375 0.0125 0.025
8 0.24609375 0.6023437500000001 0.0140625 0.0328125
8 0.234375 0.60546875 0.0125 0.026562500000000003
8 0.2421875 0.55625 0.018750000000000003 0.028125
8 0.25625000000000003 0.55 0.018750000000000003 0.03125
11 0.24296875 0.5234375 0.0171875 0.028125
4 0.22734375 0.5281250000000001 0.0140625 0.025
13 0.22734375 0.49921875000000004 0.035937500000000004 0.06406250000000001
0 0.22578125000000002 0.46171875 0.010937500000000001 0.0234375
0 0.22187500000000002 0.44921875 0.018750000000000003 0.029687500000000002
8 0.240625 0.43671875000000004 0.018750000000000003 0.035937500000000004
8 0.12734375 0.7921875 0.0234375 0.043750000000000004
15 0.1171875 0.61328125 0.096875 0.2078125
15 0.03125 0.89375 0.0625 0.21250000000000002
15 0.6296875000000001 0.8421875000000001 0.2625 0.31562500000000004
13 0.3640625 0.24140625000000002 0.028125 0.0765625