15 0.9171875 0.4546875 0.16562500000000002 0.12187500000000001
15 0.0765625 0.33828125000000003 0.053125000000000006 0.06406250000000001
5 0.15937500000000002 0.45546875000000003 0.07500000000000001 0.0484375
5 0.29765625 0.68125 0.0765625 0.125
5 0.215625 0.54140625 0.109375 0.0859375
5 0.171875 0.7679687500000001 0.065625 0.0578125
5 0.37421875000000004 0.79453125 0.0765625 0.0703125
5 0.47968750000000004 0.8015625000000001 0.08125 0.078125
5 0.5867187500000001 0.6640625 0.1078125 0.084375
5 0.33906250000000004 0.5453125 0.065625 0.14375000000000002
5 0.39140625 0.45390625 0.0421875 0.0890625
1 0.43671875000000004 0.60546875 0.029687500000000002 0.045312500000000006
1 0.5953125 0.5453125 0.021875000000000002 0.03125
1 0.540625 0.5109375 0.021875000000000002 0.040625
1 0.57265625 0.4296875 0.026562500000000003 0.037500000000000006
16 0.65234375 0.49531250000000004 0.0328125 0.09375
16 0.578125 0.5015625 0.03125 0.043750000000000004
16 0.5453125 0.46875 0.028125 0.03125
0 0.23984375000000002 0.6515625 0.035937500000000004 0.05