8 0.19765625 0.45234375000000004 0.1609375 0.21406250000000002
8 0.28046875 0.68125 0.11406250000000001 0.16875
8 0.27968750000000003 0.18281250000000002 0.12812500000000002 0.153125
8 0.35468750000000004 0.11093750000000001 0.134375 0.21250000000000002
8 0.4703125 0.0921875 0.07500000000000001 0.09375
8 0.5359375000000001 0.178125 0.053125000000000006 0.1375
8 0.5546875 0.20703125 0.05 0.0859375
8 0.521875 0.053125000000000006 0.06875 0.10625000000000001
8 0.59921875 0.08515625 0.0859375 0.1203125
8 0.6453125000000001 0.07734375 0.053125000000000006 0.09843750000000001
8 0.609375 0.21484375 0.046875 0.0703125
8 0.67734375 0.32109375 0.051562500000000004 0.11093750000000001
8 0.7125 0.340625 0.046875 0.078125
8 0.6765625000000001 0.49062500000000003 0.043750000000000004 0.078125
8 0.55234375 0.39609375 0.06406250000000001 0.1421875
8 0.5164062500000001 0.46406250000000004 0.06406250000000001 0.1125
8 0.53828125 0.59140625 0.0734375 0.1046875
8 0.5945312500000001 0.63671875 0.045312500000000006 0.0859375
8 0.6351562500000001 0.6515625 0.051562500000000004 0.11875000000000001
8 0.65625 0.8375 0.059375000000000004 0.134375
8 0.59140625 0.86875 0.0921875 0.16562500000000002
8 0.39375000000000004 0.8 0.09062500000000001 0.09062500000000001
8 0.415625 0.62265625 0.13125 0.18281250000000002