8 0.47187500000000004 0.64375 0.11875000000000001 0.11875000000000001
8 0.7429687500000001 0.5750000000000001 0.1328125 0.12812500000000002
8 0.8343750000000001 0.446875 0.078125 0.065625
8 0.8171875000000001 0.39921875 0.084375 0.0734375
8 0.9328125 0.3125 0.09375 0.07187500000000001
8 0.9812500000000001 0.328125 0.037500000000000006 0.12187500000000001
8 0.91796875 0.17500000000000002 0.0765625 0.046875
8 0.821875 0.21796875000000002 0.065625 0.0578125
8 0.821875 0.1609375 0.043750000000000004 0.05
8 0.76328125 0.1484375 0.0734375 0.06875
8 0.71484375 0.18203125 0.06406250000000001 0.051562500000000004
8 0.6375000000000001 0.20234375000000002 0.065625 0.0578125
8 0.6039062500000001 0.13671875 0.035937500000000004 0.0328125
8 0.53515625 0.18906250000000002 0.060937500000000006 0.05625
8 0.45703125 0.17890625000000002 0.045312500000000006 0.045312500000000006
8 0.43125 0.31015625 0.059375000000000004 0.06406250000000001
8 0.44609375 0.384375 0.0859375 0.084375
8 0.53359375 0.32421875 0.0671875 0.0703125
8 0.6484375 0.265625 0.037500000000000006 0.05
8 0.74921875 0.2734375 0.0578125 0.05625
8 0.7046875 0.109375 0.043750000000000004 0.037500000000000006
8 0.6984375 0.08203125 0.040625 0.0328125
8 0.74140625 0.12109375 0.035937500000000004 0.029687500000000002