13 0.6351562500000001 0.31640625 0.0921875 0.0765625
13 0.0421875 0.38671875 0.084375 0.060937500000000006
13 0.18046875 0.36875 0.1390625 0.07187500000000001
13 0.1375 0.3515625 0.065625 0.040625
13 0.13125 0.29531250000000003 0.05625 0.03125
13 0.25625000000000003 0.30781250000000004 0.07187500000000001 0.037500000000000006
13 0.22812500000000002 0.32421875 0.03125 0.0203125
13 0.03125 0.35703125 0.043750000000000004 0.026562500000000003
11 0.4703125 0.42890625000000004 0.025 0.0328125
11 0.58515625 0.43281250000000004 0.026562500000000003 0.025
11 0.50546875 0.49453125000000003 0.035937500000000004 0.0390625
11 0.43359375 0.5671875000000001 0.0421875 0.05625
11 0.40078125000000003 0.46484375 0.029687500000000002 0.0390625
11 0.29765625 0.50625 0.029687500000000002 0.040625