8 0.56171875 0.09062500000000001 0.0578125 0.06875
8 0.46796875000000004 0.053125000000000006 0.0484375 0.10625000000000001
8 0.49765625 0.07578125000000001 0.051562500000000004 0.0921875
8 0.6484375 0.22031250000000002 0.05625 0.125
8 0.07890625000000001 0.21640625000000002 0.15781250000000002 0.2265625
8 0.15234375 0.46640625 0.1453125 0.2078125
8 0.33046875000000003 0.44921875 0.15781250000000002 0.2109375
8 0.453125 0.31562500000000004 0.07187500000000001 0.115625
8 0.5015625 0.2578125 0.06875 0.146875
8 0.69140625 0.24531250000000002 0.045312500000000006 0.084375
8 0.30781250000000004 0.62421875 0.1125 0.1234375
8 0.5632812500000001 0.74765625 0.1078125 0.18906250000000002
8 0.6468750000000001 0.73203125 0.0625 0.15781250000000002
8 0.49062500000000003 0.45078125 0.08125 0.11093750000000001
8 0.5593750000000001 0.5125000000000001 0.05625 0.096875
8 0.6578125 0.38593750000000004 0.053125000000000006 0.09062500000000001
8 0.6117187500000001 0.5398437500000001 0.06406250000000001 0.13593750000000002
8 0.60859375 0.015625 0.045312500000000006 0.03125
8 0.27734375 0.9695312500000001 0.13593750000000002 0.0578125