8 0.25 0.44375000000000003 0.203125 0.23750000000000002
8 0.29531250000000003 0.33046875000000003 0.1125 0.1609375
8 0.35703125 0.23046875 0.11406250000000001 0.1703125
8 0.46484375 0.26484375 0.1046875 0.1203125
8 0.6195312500000001 0.08046875 0.1078125 0.11406250000000001
8 0.8671875 0.17421875 0.05625 0.0890625
8 0.7859375000000001 0.22734375 0.07500000000000001 0.1015625
8 0.7195312500000001 0.18515625000000002 0.0703125 0.0890625
8 0.6664062500000001 0.22812500000000002 0.09843750000000001 0.1125
8 0.69453125 0.40859375000000003 0.08281250000000001 0.11093750000000001
8 0.75390625 0.56484375 0.0765625 0.1046875
8 0.6687500000000001 0.51796875 0.09375 0.13593750000000002
8 0.6648437500000001 0.5546875 0.06406250000000001 0.09375
8 0.6804687500000001 0.70078125 0.0734375 0.1203125
8 0.7664062500000001 0.7601562500000001 0.1203125 0.18281250000000002
8 0.98203125 0.6578125 0.035937500000000004 0.096875
8 0.43281250000000004 0.7679687500000001 0.10625000000000001 0.1453125
8 0.60703125 0.89375 0.1296875 0.16875
8 0.80078125 0.9359375000000001 0.0734375 0.1
8 0.52109375 0.42500000000000004 0.1328125 0.15937500000000002
8 0.06406250000000001 0.3375 0.10625000000000001 0.25