8 0.73984375 0.12812500000000002 0.1390625 0.17500000000000002
8 0.6203125 0.16562500000000002 0.053125000000000006 0.0625
8 0.5867187500000001 0.12812500000000002 0.051562500000000004 0.08125
8 0.5398437500000001 0.1609375 0.0421875 0.065625
8 0.5906250000000001 0.041406250000000006 0.040625 0.045312500000000006
8 0.55078125 0.032031250000000004 0.0421875 0.051562500000000004
8 0.7125 0.057031250000000006 0.046875 0.0390625
8 0.48125 0.2078125 0.046875 0.08750000000000001
8 0.4625 0.1953125 0.03125 0.05
8 0.45625000000000004 0.15546875000000002 0.034375 0.06406250000000001
8 0.55 0.10703125000000001 0.043750000000000004 0.0703125
8 0.6117187500000001 0.265625 0.0671875 0.1125
8 0.54296875 0.2984375 0.0546875 0.08750000000000001
8 0.61484375 0.43828125 0.0890625 0.1203125
8 0.4265625 0.26953125 0.037500000000000006 0.06406250000000001
8 0.390625 0.27265625 0.040625 0.060937500000000006
8 0.3359375 0.384375 0.046875 0.078125
8 0.42890625000000004 0.35000000000000003 0.0578125 0.07187500000000001
8 0.46718750000000003 0.36328125 0.065625 0.1171875
8 0.40703125 0.34453125 0.0390625 0.051562500000000004
8 0.42734375 0.46406250000000004 0.051562500000000004 0.09375
8 0.3515625 0.45937500000000003 0.059375000000000004 0.0625
8 0.27890625 0.5171875 0.035937500000000004 0.053125000000000006
8 0.31328125 0.56640625 0.0484375 0.08281250000000001
8 0.40546875000000004 0.5640625 0.0671875 0.109375
8 0.47421875 0.6921875000000001 0.1203125 0.18125000000000002
8 0.30390625000000004 0.64375 0.045312500000000006 0.0625
8 0.23671875 0.63046875 0.0328125 0.060937500000000006
8 0.21796875000000002 0.65234375 0.026562500000000003 0.0546875
8 0.16562500000000002 0.753125 0.034375 0.05625
8 0.2515625 0.8140625 0.0625 0.1125
8 0.17734375000000002 0.9265625000000001 0.0546875 0.07187500000000001
8 0.10390625 0.92734375 0.0328125 0.035937500000000004
8 0.23828125 0.94921875 0.0671875 0.0546875
8 0.65546875 0.89765625 0.1609375 0.20468750000000002