8 0.54609375 0.51796875 0.0671875 0.1015625
8 0.51328125 0.55078125 0.045312500000000006 0.0703125
8 0.4703125 0.5281250000000001 0.05625 0.08125
8 0.43671875000000004 0.41328125000000004 0.035937500000000004 0.0671875
8 0.39687500000000003 0.45 0.03125 0.0625
8 0.34140625 0.09453125000000001 0.0421875 0.07968750000000001
8 0.3765625 0.19765625 0.05625 0.1078125
8 0.31640625 0.20859375000000002 0.029687500000000002 0.0578125
8 0.33515625000000004 0.25 0.035937500000000004 0.08125
8 0.36171875000000003 0.27421875 0.0328125 0.0578125
8 0.359375 0.34687500000000004 0.028125 0.078125
8 0.34140625 0.35468750000000004 0.0203125 0.05
8 0.39765625000000004 0.359375 0.026562500000000003 0.059375000000000004
8 0.3609375 0.47187500000000004 0.028125 0.0625
8 0.35781250000000003 0.5171875 0.03125 0.059375000000000004
8 0.3796875 0.50625 0.018750000000000003 0.043750000000000004
8 0.3984375 0.5359375000000001 0.021875000000000002 0.05
8 0.40859375000000003 0.51875 0.029687500000000002 0.043750000000000004
8 0.38125000000000003 0.5765625 0.021875000000000002 0.03125
8 0.43671875000000004 0.6335937500000001 0.0328125 0.060937500000000006
8 0.478125 0.62421875 0.040625 0.0765625
8 0.434375 0.6804687500000001 0.021875000000000002 0.0484375
8 0.45703125 0.7171875000000001 0.029687500000000002 0.05625
8 0.4296875 0.7445312500000001 0.021875000000000002 0.045312500000000006
8 0.48984375 0.7210937500000001 0.035937500000000004 0.0765625
8 0.5320312500000001 0.7625000000000001 0.06406250000000001 0.08750000000000001
8 0.6046875 0.82578125 0.05625 0.1046875
8 0.6203125 0.7468750000000001 0.05625 0.05625
8 0.5953125 0.9617187500000001 0.043750000000000004 0.0578125
8 0.70078125 0.571875 0.08281250000000001 0.115625
8 0.8226562500000001 0.53359375 0.1421875 0.18281250000000002
8 0.90546875 0.5476562500000001 0.11406250000000001 0.1296875
8 0.41640625000000003 0.30312500000000003 0.035937500000000004 0.059375000000000004