4 0.8601562500000001 0.10390625 0.0671875 0.1953125
11 0.74609375 0.13593750000000002 0.08281250000000001 0.13125
8 0.76328125 0.029687500000000002 0.0703125 0.059375000000000004
8 0.178125 0.23125 0.15937500000000002 0.23125
2 0.225 0.58125 0.23125 0.421875
7 0.421875 0.9125000000000001 0.09062500000000001 0.15937500000000002
7 0.9484375 0.6257812500000001 0.10312500000000001 0.18906250000000002
8 0.77109375 0.91171875 0.0859375 0.13593750000000002
8 0.69453125 0.6742187500000001 0.07968750000000001 0.1234375
8 0.58359375 0.41015625 0.08281250000000001 0.11406250000000001
8 0.57734375 0.7000000000000001 0.06406250000000001 0.109375
8 0.50546875 0.9617187500000001 0.0734375 0.0703125
8 0.509375 0.6273437500000001 0.084375 0.08281250000000001