11 0.23984375000000002 0.63671875 0.026562500000000003 0.035937500000000004
11 0.09062500000000001 0.59375 0.025 0.034375
11 0.22968750000000002 0.4609375 0.025 0.034375
11 0.31328125 0.43593750000000003 0.0328125 0.037500000000000006
11 0.36484375 0.37578125 0.026562500000000003 0.029687500000000002
11 0.37343750000000003 0.578125 0.037500000000000006 0.043750000000000004
11 0.4625 0.434375 0.028125 0.040625
11 0.45 0.321875 0.03125 0.028125
11 0.53359375 0.34218750000000003 0.0234375 0.025
11 0.5906250000000001 0.35859375000000004 0.021875000000000002 0.035937500000000004
11 0.6468750000000001 0.41015625 0.018750000000000003 0.0203125
11 0.640625 0.5109375 0.040625 0.043750000000000004
11 0.6257812500000001 0.61640625 0.0328125 0.051562500000000004
11 0.51953125 0.52109375 0.0171875 0.026562500000000003
11 0.7328125000000001 0.43046875 0.037500000000000006 0.0421875
6 0.51015625 0.69296875 0.0171875 0.0328125
6 0.44296875 0.75546875 0.026562500000000003 0.0328125
6 0.33125000000000004 0.7250000000000001 0.028125 0.040625
14 0.61484375 0.74140625 0.1046875 0.0890625
14 0.76953125 0.63203125 0.0765625 0.0890625