15 0.78125 0.17109375000000002 0.09062500000000001 0.0921875
15 0.728125 0.234375 0.09375 0.06875
15 0.6882812500000001 0.284375 0.0765625 0.065625
15 0.6351562500000001 0.33984375 0.0734375 0.08281250000000001
15 0.5867187500000001 0.3875 0.07968750000000001 0.07187500000000001
15 0.54296875 0.42109375000000004 0.09843750000000001 0.0765625
15 0.47187500000000004 0.48359375000000004 0.109375 0.09531250000000001
15 0.4140625 0.553125 0.08750000000000001 0.08750000000000001
15 0.38046875 0.6117187500000001 0.06406250000000001 0.0578125
15 0.26640625 0.690625 0.1078125 0.12187500000000001
15 0.21640625000000002 0.77109375 0.16718750000000002 0.1546875
15 0.059375000000000004 0.37578125 0.10312500000000001 0.1203125
15 0.21406250000000002 0.8703125 0.16875 0.096875
15 0.0734375 0.56484375 0.059375000000000004 0.1078125