2 0.5953125 0.7039062500000001 0.078125 0.051562500000000004
2 0.509375 0.7796875000000001 0.05625 0.043750000000000004
2 0.51015625 0.7195312500000001 0.051562500000000004 0.0703125
2 0.46718750000000003 0.78515625 0.053125000000000006 0.0578125
2 0.3515625 0.8875000000000001 0.115625 0.1125
2 0.30625 0.80859375 0.07187500000000001 0.060937500000000006
2 0.24921875000000002 0.76953125 0.06406250000000001 0.07968750000000001
2 0.30000000000000004 0.5859375 0.053125000000000006 0.059375000000000004
2 0.1640625 0.671875 0.043750000000000004 0.053125000000000006
2 0.06640625 0.5171875 0.0578125 0.046875
2 0.1015625 0.8656250000000001 0.1125 0.146875
2 0.35859375000000004 0.57421875 0.060937500000000006 0.0859375
13 0.265625 0.6531250000000001 0.078125 0.1625