5 0.84375 0.89453125 0.07187500000000001 0.060937500000000006
5 0.7585937500000001 0.92109375 0.035937500000000004 0.0328125
5 0.734375 0.90625 0.034375 0.03125
5 0.71796875 0.84921875 0.035937500000000004 0.0546875
5 0.6570312500000001 0.8640625000000001 0.026562500000000003 0.025
5 0.69453125 0.734375 0.029687500000000002 0.021875000000000002
5 0.75 0.7765625 0.046875 0.06875
5 0.7921875 0.77109375 0.018750000000000003 0.0390625
1 0.7898437500000001 0.84375 0.0140625 0.018750000000000003
1 0.8054687500000001 0.8210937500000001 0.0171875 0.0140625
1 0.8390625 0.8187500000000001 0.009375000000000001 0.015625
1 0.8773437500000001 0.7921875 0.0140625 0.0125
1 0.87109375 0.846875 0.010937500000000001 0.015625
16 0.90546875 0.8375 0.0140625 0.040625
16 0.8671875 0.82578125 0.0125 0.0203125
16 0.85703125 0.80390625 0.0140625 0.0140625
16 0.8234375 0.77265625 0.018750000000000003 0.0171875
13 0.7578125 0.7125 0.028125 0.03125
0 0.70234375 0.82734375 0.0171875 0.0234375
1 0.815625 0.85859375 0.025 0.0140625
15 0.6796875 0.675 0.018750000000000003 0.021875000000000002
15 0.640625 0.6671875 0.034375 0.046875
15 0.47500000000000003 0.80625 0.053125000000000006 0.07187500000000001
15 0.46406250000000004 0.8796875000000001 0.037500000000000006 0.053125000000000006
15 0.3203125 0.7984375 0.025 0.043750000000000004