2 0.40859375000000003 0.62421875 0.026562500000000003 0.035937500000000004
2 0.39609375 0.67109375 0.029687500000000002 0.051562500000000004
2 0.4453125 0.63046875 0.015625 0.0203125
2 0.43046875 0.71796875 0.026562500000000003 0.035937500000000004
2 0.3828125 0.73046875 0.021875000000000002 0.0234375
2 0.4609375 0.85546875 0.046875 0.060937500000000006
2 0.48984375 0.8171875000000001 0.026562500000000003 0.03125
2 0.47187500000000004 0.7671875 0.025 0.05625
2 0.4140625 0.7976562500000001 0.015625 0.0203125
2 0.49140625000000004 0.671875 0.0203125 0.021875000000000002
2 0.56171875 0.6796875 0.029687500000000002 0.03125
2 0.5109375 0.7125 0.034375 0.025
2 0.5 0.73359375 0.03125 0.026562500000000003
2 0.525 0.78671875 0.025 0.0328125
2 0.56875 0.7781250000000001 0.018750000000000003 0.025
2 0.56484375 0.8601562500000001 0.045312500000000006 0.06406250000000001
2 0.59609375 0.8226562500000001 0.029687500000000002 0.026562500000000003