2 0.49531250000000004 0.14375000000000002 0.10625000000000001 0.1125
2 0.453125 0.6109375 0.1125 0.09375
2 0.40859375000000003 0.6953125 0.1421875 0.1
2 0.9773437500000001 0.66328125 0.045312500000000006 0.0921875
4 0.246875 0.94296875 0.08750000000000001 0.09843750000000001
7 0.5750000000000001 0.49921875000000004 0.034375 0.0578125
7 0.27265625 0.30312500000000003 0.035937500000000004 0.043750000000000004
0 0.7914062500000001 0.3375 0.08281250000000001 0.046875
15 0.66953125 0.253125 0.2578125 0.125
15 0.446875 0.26953125 0.290625 0.15781250000000002
15 0.0765625 0.08359375000000001 0.11875000000000001 0.1640625