7 0.6804687500000001 0.05078125 0.0546875 0.07968750000000001
2 0.6375000000000001 0.21328125 0.17500000000000002 0.1328125
2 0.39921875 0.28828125 0.2109375 0.19843750000000002
2 0.18515625000000002 0.1125 0.21406250000000002 0.225
2 0.1390625 0.21250000000000002 0.146875 0.15625
8 0.1265625 0.34765625 0.146875 0.1265625
8 0.15546875000000002 0.69921875 0.1296875 0.1234375
8 0.109375 0.7757812500000001 0.10312500000000001 0.1421875
2 0.565625 0.4375 0.146875 0.1875
2 0.8929687500000001 0.34453125 0.1328125 0.15156250000000002
0 0.7781250000000001 0.8578125000000001 0.11875000000000001 0.109375
8 0.49453125000000003 0.04296875 0.0671875 0.0546875
8 0.525 0.025781250000000002 0.065625 0.051562500000000004
8 0.46406250000000004 0.0054687500000000005 0.06875 0.010937500000000001
8 0.671875 0.9296875 0.10625000000000001 0.046875