0 0.8460937500000001 0.49531250000000004 0.0734375 0.03125
0 0.7234375000000001 0.48515625 0.043750000000000004 0.051562500000000004
0 0.46406250000000004 0.5484375 0.07187500000000001 0.028125
0 0.5476562500000001 0.690625 0.0421875 0.028125
0 0.71484375 0.63828125 0.0484375 0.0203125
0 0.77734375 0.5640625 0.0578125 0.025
0 0.8796875000000001 0.5554687500000001 0.043750000000000004 0.026562500000000003
0 0.9929687500000001 0.640625 0.0140625 0.03125
0 0.9921875 0.66953125 0.015625 0.0328125
0 0.84921875 0.64453125 0.0578125 0.0234375
0 0.8460937500000001 0.634375 0.0578125 0.018750000000000003
0 0.76171875 0.66796875 0.026562500000000003 0.0328125
0 0.79296875 0.6742187500000001 0.029687500000000002 0.0328125
0 0.85546875 0.7109375 0.0703125 0.025
0 0.87421875 0.78515625 0.0328125 0.0390625
0 0.671875 0.7484375000000001 0.040625 0.05