15 0.6484375 0.2265625 0.33125000000000004 0.234375
15 0.846875 0.33046875000000003 0.265625 0.2109375
15 0.9500000000000001 0.4375 0.1 0.2625
7 0.73359375 0.51953125 0.06406250000000001 0.0859375
0 0.45078125 0.37421875000000004 0.11093750000000001 0.0890625
0 0.19765625 0.31640625 0.0859375 0.09531250000000001
0 0.6039062500000001 0.56640625 0.09531250000000001 0.08281250000000001
13 0.3828125 0.5203125000000001 0.146875 0.115625
13 0.41875 0.6937500000000001 0.146875 0.1125
13 0.2234375 0.5953125 0.140625 0.115625
13 0.09296875 0.6046875 0.16718750000000002 0.12187500000000001
2 0.16562500000000002 0.775 0.184375 0.203125
2 0.34375 0.821875 0.15937500000000002 0.10312500000000001
2 0.59140625 0.921875 0.18906250000000002 0.1125