0 0.23671875 0.64375 0.0703125 0.053125000000000006
0 0.36328125 0.6062500000000001 0.06406250000000001 0.05
0 0.384375 0.53046875 0.0625 0.0484375
0 0.21015625000000002 0.46171875 0.035937500000000004 0.1078125
0 0.38359375 0.42031250000000003 0.051562500000000004 0.115625
0 0.4609375 0.3796875 0.040625 0.046875
0 0.515625 0.49296875 0.040625 0.035937500000000004
0 0.60078125 0.38828125 0.035937500000000004 0.08281250000000001
0 0.5203125000000001 0.29921875000000003 0.03125 0.0921875
0 0.7132812500000001 0.5203125000000001 0.029687500000000002 0.043750000000000004
0 0.790625 0.5398437500000001 0.037500000000000006 0.045312500000000006
0 0.6953125 0.6421875 0.043750000000000004 0.037500000000000006
0 0.84375 0.65 0.040625 0.040625
0 0.8539062500000001 0.75546875 0.051562500000000004 0.045312500000000006
0 0.696875 0.8203125 0.046875 0.07187500000000001
0 0.63046875 0.69921875 0.026562500000000003 0.08281250000000001
0 0.59375 0.8773437500000001 0.034375 0.09843750000000001
0 0.46484375 0.8140625 0.0328125 0.09375
0 0.43515625 0.76484375 0.0328125 0.0578125