16 0.6578125 0.6195312500000001 0.0125 0.0703125
16 0.5796875 0.6171875 0.025 0.025
16 0.5578125 0.58359375 0.021875000000000002 0.0203125
16 0.478125 0.578125 0.034375 0.021875000000000002
16 0.3984375 0.5859375 0.03125 0.018750000000000003
1 0.58984375 0.55078125 0.0203125 0.0203125
1 0.59765625 0.659375 0.0140625 0.025
1 0.52734375 0.62890625 0.0140625 0.026562500000000003
1 0.46875 0.6507812500000001 0.025 0.026562500000000003
1 0.44375000000000003 0.70703125 0.015625 0.035937500000000004
1 0.49921875000000004 0.7203125 0.0421875 0.015625
13 0.32578125 0.46171875 0.045312500000000006 0.051562500000000004
0 0.3296875 0.6312500000000001 0.021875000000000002 0.03125
5 0.5632812500000001 0.76953125 0.1234375 0.0765625
5 0.4140625 0.88671875 0.065625 0.060937500000000006
5 0.2984375 0.88203125 0.05625 0.051562500000000004
5 0.18125000000000002 0.84375 0.059375000000000004 0.053125000000000006
5 0.14375000000000002 0.76328125 0.059375000000000004 0.1015625
5 0.2609375 0.5921875 0.065625 0.037500000000000006
5 0.20468750000000002 0.5421875 0.065625 0.028125
15 0.9203125000000001 0.6000000000000001 0.15937500000000002 0.059375000000000004
15 0.035937500000000004 0.42890625000000004 0.07187500000000001 0.07968750000000001
15 0.13828125 0.4265625 0.051562500000000004 0.05
5 0.36796875 0.64609375 0.0328125 0.0734375
5 0.3046875 0.696875 0.034375 0.037500000000000006