0 0.86328125 0.5078125 0.029687500000000002 0.07187500000000001
0 0.7953125000000001 0.46406250000000004 0.028125 0.07500000000000001
0 0.6859375000000001 0.41875 0.0625 0.040625
0 0.6390625000000001 0.415625 0.040625 0.028125
0 0.52734375 0.446875 0.051562500000000004 0.040625
0 0.56796875 0.50546875 0.0203125 0.06406250000000001
0 0.69140625 0.478125 0.0171875 0.03125
0 0.7117187500000001 0.5078125 0.026562500000000003 0.06875
0 0.7585937500000001 0.5789062500000001 0.060937500000000006 0.035937500000000004
0 0.8523437500000001 0.61640625 0.045312500000000006 0.045312500000000006
0 0.7078125000000001 0.6609375000000001 0.025 0.06875
0 0.6828125 0.6492187500000001 0.025 0.0234375
0 0.64375 0.6171875 0.025 0.05625
0 0.66328125 0.5593750000000001 0.0171875 0.053125000000000006
0 0.5 0.56875 0.025 0.040625
0 0.42109375000000004 0.5046875000000001 0.026562500000000003 0.028125
0 0.28984375 0.5164062500000001 0.0328125 0.029687500000000002
0 0.28046875 0.5390625 0.045312500000000006 0.034375
0 0.37734375000000003 0.628125 0.0390625 0.03125
0 0.49062500000000003 0.665625 0.025 0.059375000000000004
0 0.55078125 0.7250000000000001 0.0390625 0.046875
0 0.56953125 0.7937500000000001 0.0328125 0.043750000000000004