8 0.5828125000000001 0.07187500000000001 0.028125 0.07187500000000001
8 0.57578125 0.16484375 0.0328125 0.0890625
8 0.62890625 0.1796875 0.0203125 0.043750000000000004
8 0.6195312500000001 0.22109375 0.0234375 0.06406250000000001
8 0.6039062500000001 0.2390625 0.0203125 0.046875
8 0.63984375 0.31015625 0.010937500000000001 0.0421875
8 0.62109375 0.30546875 0.0140625 0.0703125
8 0.59296875 0.31562500000000004 0.0203125 0.05625
8 0.5632812500000001 0.25859375 0.029687500000000002 0.051562500000000004
8 0.56796875 0.36328125 0.0234375 0.0578125
8 0.50234375 0.44765625000000003 0.0390625 0.0765625
8 0.39140625 0.48281250000000003 0.0546875 0.09062500000000001
8 0.29140625000000003 0.43281250000000004 0.07968750000000001 0.153125
8 0.23125 0.4375 0.065625 0.08750000000000001
8 0.484375 0.6570312500000001 0.034375 0.0484375
8 0.53671875 0.48828125 0.026562500000000003 0.0578125
8 0.56484375 0.4703125 0.035937500000000004 0.06875
8 0.6140625000000001 0.40390625 0.021875000000000002 0.051562500000000004
8 0.62109375 0.48359375000000004 0.0390625 0.060937500000000006
8 0.6414062500000001 0.46406250000000004 0.0171875 0.046875
8 0.66796875 0.47578125000000004 0.026562500000000003 0.0578125
8 0.65625 0.5328125 0.021875000000000002 0.040625
8 0.5789062500000001 0.56171875 0.035937500000000004 0.07968750000000001
8 0.62265625 0.58359375 0.029687500000000002 0.051562500000000004
8 0.6312500000000001 0.62890625 0.018750000000000003 0.0421875
8 0.6195312500000001 0.66015625 0.026562500000000003 0.0484375
8 0.6570312500000001 0.7046875 0.0234375 0.05
8 0.5945312500000001 0.659375 0.0234375 0.06875
8 0.5640625 0.6953125 0.040625 0.06875
8 0.51796875 0.75 0.035937500000000004 0.084375
8 0.5554687500000001 0.9109375000000001 0.029687500000000002 0.08125
8 0.6218750000000001 0.95078125 0.028125 0.0484375