2 0.9007812500000001 0.41796875 0.0890625 0.15156250000000002
2 0.8656250000000001 0.56796875 0.0625 0.0578125
2 0.753125 0.48281250000000003 0.07187500000000001 0.08125
2 0.8140625 0.325 0.06875 0.17500000000000002
2 0.63046875 0.309375 0.0578125 0.053125000000000006
2 0.434375 0.2421875 0.078125 0.07500000000000001
2 0.19921875 0.2734375 0.07968750000000001 0.0625
2 0.30546875 0.4453125 0.051562500000000004 0.0625
2 0.41640625000000003 0.5203125000000001 0.06406250000000001 0.07187500000000001
2 0.5398437500000001 0.43125 0.08281250000000001 0.07500000000000001
2 0.52890625 0.37343750000000003 0.0921875 0.065625
2 0.1875 0.50390625 0.07500000000000001 0.0578125
2 0.22812500000000002 0.6179687500000001 0.11875000000000001 0.1609375
2 0.47421875 0.6265625 0.0671875 0.07500000000000001
2 0.57734375 0.5398437500000001 0.0703125 0.1453125