8 0.35468750000000004 0.69921875 0.018750000000000003 0.0203125
8 0.39375000000000004 0.703125 0.018750000000000003 0.009375000000000001
8 0.446875 0.73359375 0.015625 0.0078125
8 0.44062500000000004 0.71484375 0.009375000000000001 0.0078125
8 0.5046875000000001 0.75390625 0.0125 0.0140625
8 0.5203125000000001 0.77734375 0.0125 0.010937500000000001
8 0.41875 0.7351562500000001 0.015625 0.0140625
8 0.43046875 0.76328125 0.0203125 0.010937500000000001
8 0.43515625 0.7859375000000001 0.0140625 0.0125
8 0.41328125000000004 0.8070312500000001 0.0140625 0.010937500000000001
8 0.403125 0.82734375 0.015625 0.010937500000000001
8 0.3953125 0.8093750000000001 0.015625 0.015625
8 0.371875 0.796875 0.009375000000000001 0.015625
8 0.3515625 0.8234375 0.018750000000000003 0.0125
8 0.33515625000000004 0.8171875000000001 0.0140625 0.009375000000000001
8 0.31640625 0.82734375 0.0171875 0.010937500000000001
8 0.31328125 0.84140625 0.0171875 0.0140625
8 0.3484375 0.853125 0.015625 0.0125
8 0.37343750000000003 0.71796875 0.0125 0.0140625
8 0.3796875 0.73203125 0.0125 0.010937500000000001
8 0.38593750000000004 0.7265625 0.0125 0.00625
8 0.4109375 0.7757812500000001 0.018750000000000003 0.0140625
8 0.40156250000000004 0.7562500000000001 0.0125 0.0125
8 0.38125000000000003 0.7546875000000001 0.018750000000000003 0.00625
8 0.37031250000000004 0.77265625 0.015625 0.0140625
8 0.35000000000000003 0.78828125 0.009375000000000001 0.0203125
8 0.340625 0.77734375 0.0125 0.010937500000000001
8 0.33984375 0.75390625 0.0140625 0.0171875
8 0.32656250000000003 0.7453125 0.018750000000000003 0.009375000000000001
8 0.31484375000000003 0.78046875 0.0171875 0.0171875
8 0.3046875 0.7601562500000001 0.015625 0.0140625
8 0.2890625 0.7406250000000001 0.018750000000000003 0.009375000000000001
8 0.26953125 0.7578125 0.0140625 0.015625
8 0.3046875 0.8078125 0.018750000000000003 0.015625
8 0.28125 0.796875 0.0125 0.015625
8 0.2703125 0.8054687500000001 0.015625 0.0171875
8 0.27578125000000003 0.8226562500000001 0.0140625 0.0171875
8 0.2421875 0.85703125 0.018750000000000003 0.0171875