8 0.22812500000000002 0.31796875 0.109375 0.11406250000000001
8 0.7000000000000001 0.8093750000000001 0.115625 0.096875
8 0.05078125 0.43125 0.0765625 0.15000000000000002
8 0.88046875 0.6078125000000001 0.1078125 0.109375
8 0.9460937500000001 0.7507812500000001 0.1078125 0.1546875
5 0.65625 0.34609375000000003 0.10312500000000001 0.1234375
2 0.7984375 0.25078125 0.13125 0.1546875
2 0.8367187500000001 0.140625 0.18281250000000002 0.15000000000000002
7 0.22265625 0.06171875 0.08281250000000001 0.0921875
11 0.33203125 0.31093750000000003 0.0765625 0.07500000000000001
0 0.1546875 0.6796875 0.08125 0.12187500000000001