14 0.7703125000000001 0.41875 0.021875000000000002 0.040625
14 0.7250000000000001 0.41953125 0.018750000000000003 0.035937500000000004
5 0.6109375 0.46640625 0.03125 0.0421875
5 0.5875 0.46640625 0.025 0.0140625
5 0.5398437500000001 0.46328125000000003 0.0203125 0.035937500000000004
1 0.484375 0.5109375 0.021875000000000002 0.015625
1 0.49296875 0.52890625 0.0171875 0.0140625
1 0.5164062500000001 0.540625 0.026562500000000003 0.018750000000000003
1 0.4859375 0.55703125 0.018750000000000003 0.0171875
1 0.45156250000000003 0.525 0.028125 0.018750000000000003
1 0.45625000000000004 0.5437500000000001 0.015625 0.018750000000000003