1 0.49609375 0.59921875 0.0421875 0.0390625
1 0.4765625 0.68125 0.034375 0.040625
1 0.55078125 0.68515625 0.060937500000000006 0.029687500000000002
1 0.671875 0.58203125 0.028125 0.0328125
1 0.57265625 0.55390625 0.026562500000000003 0.035937500000000004
1 0.640625 0.43593750000000003 0.034375 0.03125
5 0.64609375 0.73359375 0.1859375 0.1265625
16 0.7445312500000001 0.5125000000000001 0.0421875 0.1
16 0.6421875 0.5296875 0.025 0.040625
16 0.6000000000000001 0.49296875 0.034375 0.026562500000000003
16 0.49296875 0.45703125 0.045312500000000006 0.029687500000000002
16 0.34453125 0.48281250000000003 0.045312500000000006 0.03125
5 0.41250000000000003 0.48828125 0.0625 0.1046875
5 0.2828125 0.6078125000000001 0.043750000000000004 0.05625
5 0.21953125 0.55703125 0.09531250000000001 0.0671875
5 0.16875 0.78828125 0.115625 0.15156250000000002
5 0.1484375 0.925 0.08750000000000001 0.07187500000000001
0 0.23203125000000002 0.76171875 0.051562500000000004 0.06406250000000001
5 0.31562500000000004 0.94453125 0.09062500000000001 0.0765625
5 0.47187500000000004 0.9234375 0.10312500000000001 0.09062500000000001