0 0.88203125 0.9695312500000001 0.0578125 0.060937500000000006
0 0.42812500000000003 0.91796875 0.065625 0.1046875
0 0.14140625 0.34218750000000003 0.09531250000000001 0.084375
0 0.36953125000000003 0.3640625 0.0765625 0.09062500000000001
0 0.58125 0.45234375000000004 0.06875 0.09531250000000001
15 0.1078125 0.171875 0.1625 0.16562500000000002
8 0.49531250000000004 0.62109375 0.05625 0.051562500000000004
2 0.2859375 0.5828125000000001 0.11875000000000001 0.09375
13 0.3953125 0.625 0.14375000000000002 0.1
2 0.67890625 0.56171875 0.1453125 0.1078125
2 0.6203125 0.8125 0.171875 0.1125
2 0.8609375 0.75703125 0.134375 0.0734375
13 0.57578125 0.9304687500000001 0.19843750000000002 0.1390625
2 0.29609375 0.7445312500000001 0.1484375 0.1703125
2 0.2484375 0.89609375 0.109375 0.11093750000000001
2 0.05078125 0.9046875000000001 0.08281250000000001 0.109375
8 0.1796875 0.48515625 0.1 0.09531250000000001