8 0.6890625 0.14296875 0.040625 0.0765625
8 0.6570312500000001 0.22968750000000002 0.0484375 0.09375
8 0.703125 0.26015625000000003 0.028125 0.045312500000000006
8 0.6820312500000001 0.296875 0.0328125 0.065625
8 0.66171875 0.309375 0.026562500000000003 0.05
8 0.67578125 0.38828125 0.0203125 0.045312500000000006
8 0.66015625 0.37890625 0.026562500000000003 0.0703125
8 0.6296875000000001 0.37890625 0.03125 0.060937500000000006
8 0.6179687500000001 0.31562500000000004 0.0390625 0.05625
8 0.59296875 0.41640625000000003 0.0328125 0.060937500000000006
8 0.5046875000000001 0.47734375 0.053125000000000006 0.08281250000000001
8 0.3875 0.478125 0.06875 0.1
8 0.30625 0.3984375 0.10625000000000001 0.16562500000000002
8 0.2484375 0.38515625000000003 0.078125 0.09843750000000001
8 0.42812500000000003 0.6734375 0.040625 0.053125000000000006
8 0.5265625 0.52734375 0.037500000000000006 0.060937500000000006
8 0.55859375 0.51875 0.0484375 0.07187500000000001
8 0.6234375000000001 0.46953125 0.03125 0.0546875
8 0.60859375 0.5484375 0.0484375 0.065625
8 0.6328125 0.5359375000000001 0.025 0.05
8 0.65390625 0.5554687500000001 0.035937500000000004 0.060937500000000006
8 0.6265625 0.60546875 0.028125 0.0421875
8 0.5453125 0.6109375 0.05 0.084375
8 0.58046875 0.64453125 0.0390625 0.0546875
8 0.5765625 0.69140625 0.025 0.045312500000000006
8 0.55625 0.71796875 0.034375 0.051562500000000004
8 0.5796875 0.77109375 0.03125 0.051562500000000004
8 0.5328125 0.7078125000000001 0.037500000000000006 0.07187500000000001
8 0.4921875 0.73359375 0.053125000000000006 0.0734375
8 0.43281250000000004 0.7718750000000001 0.05 0.09062500000000001
8 0.42265625 0.93671875 0.0421875 0.0859375
8 0.47500000000000003 0.984375 0.037500000000000006 0.03125