5 0.6578125 0.7289062500000001 0.178125 0.1234375
5 0.46953125 0.8695312500000001 0.09531250000000001 0.08281250000000001
5 0.31171875000000004 0.8578125000000001 0.0890625 0.084375
5 0.15234375 0.7984375 0.0890625 0.07187500000000001
5 0.09531250000000001 0.68515625 0.084375 0.1453125
5 0.14375000000000002 0.39140625 0.09062500000000001 0.051562500000000004
5 0.37265625 0.54609375 0.051562500000000004 0.0921875
13 0.2921875 0.28750000000000003 0.06875 0.07187500000000001
16 0.50546875 0.44765625000000003 0.045312500000000006 0.0328125
16 0.625 0.47578125000000004 0.034375 0.035937500000000004
16 0.6640625 0.5242187500000001 0.021875000000000002 0.045312500000000006
16 0.765625 0.5296875 0.034375 0.10625000000000001
1 0.6898437500000001 0.58046875 0.0328125 0.0421875
1 0.59140625 0.52890625 0.0328125 0.0484375
1 0.51171875 0.55859375 0.0421875 0.0421875
1 0.49062500000000003 0.63671875 0.034375 0.0546875
1 0.6687500000000001 0.4296875 0.03125 0.03125
15 0.04453125 0.23125 0.0578125 0.065625
16 0.36640625000000004 0.40859375000000003 0.0421875 0.0234375
5 0.3046875 0.6101562500000001 0.034375 0.0484375