7 0.043750000000000004 0.390625 0.08750000000000001 0.134375
7 0.33437500000000003 0.35703125 0.06875 0.0703125
7 0.35000000000000003 0.6585937500000001 0.08750000000000001 0.1171875
7 0.51484375 0.86328125 0.07968750000000001 0.0765625
7 0.68515625 0.81953125 0.0765625 0.0765625
7 0.64375 0.6703125000000001 0.043750000000000004 0.059375000000000004
7 0.6179687500000001 0.44375000000000003 0.051562500000000004 0.05
7 0.5390625 0.3296875 0.07500000000000001 0.07500000000000001
7 0.5437500000000001 0.21796875000000002 0.043750000000000004 0.051562500000000004
13 0.88984375 0.43125 0.07968750000000001 0.115625
13 0.8234375 0.09062500000000001 0.06875 0.134375
13 0.790625 0.22578125000000002 0.046875 0.060937500000000006
13 0.8328125000000001 0.19375 0.040625 0.05625
13 0.96484375 0.62265625 0.0546875 0.1078125
13 0.95078125 0.6531250000000001 0.0484375 0.09062500000000001
13 0.9859375 0.703125 0.021875000000000002 0.09062500000000001
13 0.93515625 0.27187500000000003 0.045312500000000006 0.07187500000000001
13 0.69921875 0.040625 0.0421875 0.040625