5 0.040625 0.134375 0.037500000000000006 0.059375000000000004
5 0.040625 0.22421875000000002 0.028125 0.0234375
5 0.13593750000000002 0.234375 0.03125 0.025
5 0.1625 0.23750000000000002 0.03125 0.028125
5 0.23203125000000002 0.18203125 0.0578125 0.0328125
5 0.15781250000000002 0.08281250000000001 0.015625 0.037500000000000006
5 0.1046875 0.1171875 0.0125 0.018750000000000003
5 0.04296875 0.07265625 0.035937500000000004 0.0171875
16 0.13203125000000002 0.07734375 0.0171875 0.010937500000000001
16 0.1875 0.0765625 0.015625 0.009375000000000001
16 0.22578125000000002 0.09531250000000001 0.010937500000000001 0.009375000000000001
16 0.23828125 0.11093750000000001 0.0078125 0.0125
16 0.2734375 0.11093750000000001 0.00625 0.034375
1 0.24609375 0.13125 0.0078125 0.009375000000000001
1 0.21328125 0.115625 0.0078125 0.0125
1 0.184375 0.1265625 0.0125 0.0125
1 0.24140625000000002 0.07968750000000001 0.010937500000000001 0.009375000000000001
1 0.17343750000000002 0.15390625000000002 0.009375000000000001 0.0140625
1 0.2 0.15937500000000002 0.021875000000000002 0.00625