2 0.5375 0.596875 0.19375 0.203125
2 0.40078125000000003 0.4078125 0.15156250000000002 0.12812500000000002
2 0.15937500000000002 0.31484375000000003 0.140625 0.11093750000000001
2 0.52734375 0.3484375 0.1328125 0.08750000000000001
2 0.07500000000000001 0.40156250000000004 0.096875 0.115625
2 0.34140625 0.06875 0.1609375 0.1
2 0.4890625 0.19687500000000002 0.16875 0.13125
2 0.6703125000000001 0.18515625000000002 0.1625 0.11093750000000001
2 0.88984375 0.446875 0.1765625 0.19062500000000002
0 0.8765625 0.2234375 0.065625 0.10625000000000001
4 0.6218750000000001 0.7429687500000001 0.05625 0.1015625
4 0.54140625 0.7835937500000001 0.1078125 0.1328125
4 0.68359375 0.6625000000000001 0.09843750000000001 0.109375
7 0.62890625 0.87265625 0.0546875 0.1015625
11 0.57734375 0.8914062500000001 0.07968750000000001 0.09843750000000001
11 0.853125 0.6234375000000001 0.065625 0.08750000000000001
11 0.9851562500000001 0.7734375 0.029687500000000002 0.06875
5 0.79453125 0.9242187500000001 0.11093750000000001 0.15156250000000002