8 0.5906250000000001 0.28515625 0.12187500000000001 0.16718750000000002
8 0.39921875 0.29296875 0.06406250000000001 0.1421875
8 0.2109375 0.38515625000000003 0.053125000000000006 0.0765625
8 0.21406250000000002 0.45390625 0.059375000000000004 0.0734375
8 0.15937500000000002 0.47265625 0.034375 0.0578125
8 0.13046875 0.43125 0.026562500000000003 0.0625
8 0.08125 0.42265625 0.040625 0.0734375
8 0.06640625 0.53828125 0.0390625 0.051562500000000004
8 0.17109375000000002 0.76171875 0.0390625 0.0921875
8 0.22578125000000002 0.79609375 0.035937500000000004 0.0578125
8 0.25546875 0.7734375 0.0234375 0.040625
8 0.2578125 0.6648437500000001 0.046875 0.07968750000000001
8 0.31015625 0.65546875 0.0671875 0.0671875
8 0.39375000000000004 0.6234375000000001 0.05625 0.084375
8 0.44921875 0.5734375 0.060937500000000006 0.09375
8 0.5398437500000001 0.56171875 0.0703125 0.0890625
8 0.5375 0.675 0.1 0.07187500000000001
8 0.40859375000000003 0.775 0.0765625 0.078125
8 0.384375 0.8679687500000001 0.053125000000000006 0.0546875
8 0.35468750000000004 0.91015625 0.059375000000000004 0.06406250000000001
8 0.2546875 0.9296875 0.028125 0.025
8 0.23203125000000002 0.8812500000000001 0.0421875 0.0625
8 0.8484375000000001 0.6796875 0.184375 0.134375
8 0.6781250000000001 0.8265625000000001 0.08125 0.109375
8 0.6062500000000001 0.8773437500000001 0.065625 0.0703125
8 0.44062500000000004 0.8890625000000001 0.065625 0.059375000000000004
8 0.6468750000000001 0.96875 0.08125 0.0625
8 0.7734375 0.8890625000000001 0.053125000000000006 0.10312500000000001
8 0.8773437500000001 0.94453125 0.1046875 0.11093750000000001