13 0.4765625 0.7125 0.025 0.028125
13 0.42031250000000003 0.83515625 0.015625 0.0203125
13 0.51796875 0.7976562500000001 0.0171875 0.0171875
13 0.5890625 0.84140625 0.018750000000000003 0.0203125
13 0.5921875 0.8070312500000001 0.0125 0.0140625
13 0.5578125 0.7757812500000001 0.009375000000000001 0.0171875
13 0.55 0.7601562500000001 0.009375000000000001 0.010937500000000001
13 0.5390625 0.7484375000000001 0.0125 0.015625
13 0.57265625 0.7453125 0.0140625 0.0125
13 0.6117187500000001 0.74921875 0.0171875 0.0140625
13 0.65546875 0.76484375 0.010937500000000001 0.0140625
13 0.61484375 0.7875000000000001 0.0234375 0.025
2 0.4765625 0.8601562500000001 0.021875000000000002 0.0171875