8 0.15234375 0.3171875 0.11093750000000001 0.084375
8 0.19296875000000002 0.509375 0.0734375 0.084375
8 0.11093750000000001 0.65625 0.07187500000000001 0.0625
8 0.34296875000000004 0.4234375 0.1078125 0.125
8 0.44609375 0.209375 0.0734375 0.08125
8 0.55625 0.21875 0.05 0.040625
8 0.5242187500000001 0.3375 0.0859375 0.037500000000000006
8 0.690625 0.3140625 0.084375 0.078125
8 0.82734375 0.09609375 0.1046875 0.060937500000000006
8 0.94921875 0.17109375000000002 0.0734375 0.0890625
8 0.875 0.23046875 0.07187500000000001 0.029687500000000002
8 0.9148437500000001 0.25625000000000003 0.0703125 0.078125
8 0.9171875 0.38203125000000004 0.10625000000000001 0.051562500000000004
8 0.9695312500000001 0.4765625 0.060937500000000006 0.078125
8 0.98203125 0.6125 0.035937500000000004 0.07500000000000001
8 0.7992187500000001 0.41796875 0.0734375 0.0703125
8 0.63046875 0.49140625000000004 0.11406250000000001 0.0578125
8 0.7562500000000001 0.54609375 0.10312500000000001 0.0921875
8 0.8617187500000001 0.7156250000000001 0.0890625 0.084375
8 0.75703125 0.7140625 0.0890625 0.07500000000000001
8 0.8226562500000001 0.8265625000000001 0.0921875 0.078125
8 0.48125 0.6671875 0.09062500000000001 0.07187500000000001