2 0.08046875 0.17421875 0.045312500000000006 0.0703125
2 0.11875000000000001 0.09843750000000001 0.059375000000000004 0.059375000000000004
2 0.21484375 0.178125 0.051562500000000004 0.05625
2 0.18281250000000002 0.30625 0.046875 0.07187500000000001
2 0.2328125 0.46484375 0.07500000000000001 0.0890625
2 0.41718750000000004 0.1125 0.059375000000000004 0.05625
2 0.76484375 0.45625000000000004 0.0921875 0.153125
2 0.8234375 0.41875 0.06875 0.10312500000000001
2 0.6664062500000001 0.1921875 0.0765625 0.11875000000000001
2 0.6062500000000001 0.14921875 0.05625 0.035937500000000004
2 0.5625 0.23984375000000002 0.040625 0.0921875
0 0.253125 0.6953125 0.037500000000000006 0.043750000000000004
0 0.11640625 0.47187500000000004 0.026562500000000003 0.065625
0 0.4 0.040625 0.015625 0.05625
11 0.50546875 0.54453125 0.0390625 0.0765625
11 0.40234375 0.5109375 0.026562500000000003 0.037500000000000006
11 0.340625 0.42500000000000004 0.015625 0.05
3 0.38359375 0.3953125 0.0203125 0.078125
3 0.47187500000000004 0.7195312500000001 0.03125 0.0734375
9 0.7046875 0.7781250000000001 0.07500000000000001 0.10312500000000001
7 0.91953125 0.52734375 0.0203125 0.0421875
13 0.6804687500000001 0.08281250000000001 0.0421875 0.1
7 0.5625 0.06640625 0.025 0.029687500000000002
7 0.6023437500000001 0.35859375000000004 0.026562500000000003 0.0703125
7 0.6000000000000001 0.43359375 0.025 0.0484375
9 0.28203125 0.28515625 0.0203125 0.0484375
0 0.53828125 0.6609375000000001 0.026562500000000003 0.059375000000000004
9 0.58046875 0.9242187500000001 0.0484375 0.09531250000000001
8 0.89375 0.25703125 0.05625 0.051562500000000004
8 0.878125 0.1953125 0.037500000000000006 0.08125
8 0.92890625 0.29296875 0.045312500000000006 0.045312500000000006
8 0.85859375 0.23593750000000002 0.0203125 0.037500000000000006
8 0.76484375 0.546875 0.0421875 0.040625
8 0.6125 0.29609375 0.034375 0.029687500000000002