6 0.33125000000000004 0.7054687500000001 0.028125 0.035937500000000004
6 0.4390625 0.74375 0.025 0.034375
6 0.51015625 0.6828125 0.0140625 0.025
14 0.61484375 0.7375 0.1078125 0.1
14 0.77265625 0.63203125 0.07968750000000001 0.0890625
11 0.628125 0.6125 0.03125 0.05
11 0.6492187500000001 0.50703125 0.0390625 0.0390625
11 0.7468750000000001 0.43046875 0.040625 0.0421875
11 0.6640625 0.40625 0.015625 0.018750000000000003
11 0.6078125000000001 0.35390625000000003 0.021875000000000002 0.0328125
11 0.55234375 0.3328125 0.0203125 0.021875000000000002
11 0.46953125 0.31093750000000003 0.029687500000000002 0.025
11 0.38203125000000004 0.36015625 0.029687500000000002 0.029687500000000002
11 0.4765625 0.42265625 0.03125 0.045312500000000006
11 0.5281250000000001 0.5140625 0.025 0.037500000000000006
11 0.38125000000000003 0.5625 0.037500000000000006 0.040625
11 0.32734375000000004 0.41484375 0.0328125 0.0390625
11 0.2421875 0.61328125 0.03125 0.0421875
11 0.096875 0.565625 0.028125 0.040625
11 0.24375000000000002 0.44140625 0.025 0.035937500000000004