13 0.446875 0.7351562500000001 0.025 0.026562500000000003
13 0.38906250000000003 0.8578125000000001 0.015625 0.018750000000000003
13 0.48750000000000004 0.8187500000000001 0.018750000000000003 0.015625
13 0.5593750000000001 0.8601562500000001 0.018750000000000003 0.0171875
13 0.56171875 0.8265625000000001 0.0140625 0.0125
13 0.52890625 0.796875 0.010937500000000001 0.015625
13 0.51953125 0.78046875 0.0078125 0.010937500000000001
13 0.5078125 0.76953125 0.0125 0.0140625
13 0.54296875 0.765625 0.0140625 0.0125
13 0.58046875 0.76875 0.0171875 0.0125
13 0.625 0.7835937500000001 0.0125 0.0140625
13 0.58515625 0.80625 0.0234375 0.021875000000000002
2 0.44609375 0.8828125 0.0234375 0.015625