0 0.5789062500000001 0.8359375 0.0203125 0.018750000000000003
0 0.50390625 0.8968750000000001 0.010937500000000001 0.034375
16 0.371875 0.94296875 0.009375000000000001 0.0390625
16 0.33046875000000003 0.94453125 0.0078125 0.029687500000000002
3 0.37421875000000004 0.91171875 0.0078125 0.0234375
3 0.31015625 0.9296875 0.0078125 0.018750000000000003
4 0.3484375 0.9109375000000001 0.009375000000000001 0.021875000000000002
4 0.44765625000000003 0.853125 0.0078125 0.015625
10 0.41250000000000003 0.8289062500000001 0.025 0.0140625
7 0.42812500000000003 0.90546875 0.00625 0.0203125
7 0.40937500000000004 0.89453125 0.0125 0.0171875
11 0.42812500000000003 0.94921875 0.018750000000000003 0.0140625
11 0.5 0.95859375 0.009375000000000001 0.010937500000000001
8 0.44140625 0.971875 0.026562500000000003 0.021875000000000002
1 0.37031250000000004 0.9671875000000001 0.0125 0.018750000000000003
1 0.30546875 0.98203125 0.0203125 0.010937500000000001
5 0.5609375 0.8734375000000001 0.025 0.018750000000000003
5 0.54609375 0.91328125 0.029687500000000002 0.045312500000000006