10 0.69453125 0.79296875 0.0234375 0.010937500000000001
10 0.7765625 0.8343750000000001 0.028125 0.018750000000000003
4 0.775 0.8718750000000001 0.009375000000000001 0.021875000000000002
3 0.7484375000000001 0.8718750000000001 0.009375000000000001 0.018750000000000003
16 0.7976562500000001 0.90390625 0.0078125 0.029687500000000002
1 0.76328125 0.9296875 0.0140625 0.015625
8 0.6859375000000001 0.8968750000000001 0.025 0.018750000000000003
11 0.70078125 0.91328125 0.0171875 0.0140625
7 0.6937500000000001 0.8703125 0.00625 0.018750000000000003
7 0.71015625 0.85703125 0.0140625 0.0203125
4 0.66328125 0.81796875 0.0078125 0.0140625
8 0.62421875 0.83359375 0.0203125 0.010937500000000001
5 0.57578125 0.8828125 0.0328125 0.05
5 0.55390625 0.8453125 0.026562500000000003 0.018750000000000003
0 0.52890625 0.8070312500000001 0.0234375 0.0203125
13 0.6890625 0.97421875 0.028125 0.045312500000000006
1 0.8304687500000001 0.940625 0.0203125 0.009375000000000001
3 0.8171875000000001 0.8875000000000001 0.009375000000000001 0.018750000000000003
16 0.8515625 0.8382812500000001 0.009375000000000001 0.035937500000000004