0 0.71875 0.39687500000000003 0.037500000000000006 0.10625000000000001
0 0.6921875000000001 0.57265625 0.06875 0.045312500000000006
0 0.5625 0.53515625 0.0625 0.0390625
0 0.5437500000000001 0.45859375 0.0625 0.0421875
0 0.54609375 0.35000000000000003 0.051562500000000004 0.1125
0 0.5375 0.26953125 0.046875 0.035937500000000004
0 0.43984375000000003 0.22109375 0.045312500000000006 0.0390625
0 0.41171875 0.41875 0.0421875 0.028125
0 0.37812500000000004 0.45937500000000003 0.037500000000000006 0.043750000000000004
0 0.44453125000000004 0.62890625 0.051562500000000004 0.0390625
0 0.4921875 0.69140625 0.03125 0.0578125
0 0.4609375 0.7828125 0.028125 0.05625
0 0.35703125 0.6039062500000001 0.029687500000000002 0.035937500000000004
0 0.27187500000000003 0.65390625 0.046875 0.0578125
0 0.20859375000000002 0.53046875 0.029687500000000002 0.0734375
0 0.21250000000000002 0.44375000000000003 0.028125 0.040625
0 0.13515625 0.46171875 0.035937500000000004 0.045312500000000006
0 0.06875 0.67578125 0.05 0.0390625
0 0.19921875 0.7328125000000001 0.0390625 0.08750000000000001