13 0.465625 0.6687500000000001 0.034375 0.037500000000000006
13 0.47890625000000003 0.6453125000000001 0.0140625 0.018750000000000003
13 0.5015625 0.7195312500000001 0.025 0.0234375
13 0.44843750000000004 0.7328125000000001 0.021875000000000002 0.021875000000000002
13 0.46328125000000003 0.78046875 0.0234375 0.0203125
13 0.53671875 0.6843750000000001 0.010937500000000001 0.0125
13 0.63046875 0.6640625 0.010937500000000001 0.015625
13 0.6507812500000001 0.665625 0.010937500000000001 0.009375000000000001
13 0.584375 0.8859375 0.03125 0.043750000000000004
13 0.52265625 0.84375 0.0234375 0.021875000000000002
10 0.7445312500000001 0.7132812500000001 0.0140625 0.010937500000000001
10 0.75546875 0.7312500000000001 0.0078125 0.0125
15 0.79296875 0.91328125 0.0484375 0.0484375
15 0.8390625 0.9226562500000001 0.05 0.0234375