13 0.39140625 0.74765625 0.0171875 0.0203125
13 0.403125 0.75546875 0.009375000000000001 0.0140625
13 0.38984375000000004 0.7601562500000001 0.0140625 0.0171875
13 0.43671875000000004 0.7132812500000001 0.029687500000000002 0.035937500000000004
13 0.46875 0.7289062500000001 0.0125 0.0171875
13 0.4296875 0.7984375 0.018750000000000003 0.0125
13 0.46015625000000004 0.86328125 0.0234375 0.0171875
13 0.3671875 0.8968750000000001 0.021875000000000002 0.021875000000000002
13 0.31093750000000003 0.7484375000000001 0.0125 0.021875000000000002
13 0.30625 0.7234375000000001 0.021875000000000002 0.015625
13 0.29140625000000003 0.7195312500000001 0.0078125 0.010937500000000001
10 0.1859375 0.7515625 0.0125 0.0125
13 0.078125 0.85078125 0.028125 0.0328125