11 0.29453125 0.9945312500000001 0.045312500000000006 0.010937500000000001
13 0.7054687500000001 0.6335937500000001 0.17343750000000002 0.1421875
13 0.25625000000000003 0.36171875000000003 0.134375 0.09843750000000001
8 0.23515625 0.5085937500000001 0.1015625 0.0890625
8 0.5125000000000001 0.5554687500000001 0.084375 0.07968750000000001
8 0.30234375 0.659375 0.09843750000000001 0.065625
8 0.34921875 0.77265625 0.11093750000000001 0.0921875
8 0.7484375000000001 0.46406250000000004 0.065625 0.05
5 0.41796875 0.9046875000000001 0.1171875 0.1625
0 0.017968750000000002 0.97265625 0.035937500000000004 0.0546875
0 0.359375 0.44296875 0.10625000000000001 0.08281250000000001