0 0.53515625 0.29921875000000003 0.051562500000000004 0.0421875
0 0.39765625000000004 0.27109375 0.0234375 0.0921875
0 0.33203125 0.37265625 0.029687500000000002 0.07968750000000001
0 0.5546875 0.38203125000000004 0.037500000000000006 0.11406250000000001
0 0.7351562500000001 0.40937500000000004 0.026562500000000003 0.096875
0 0.7375 0.58203125 0.07187500000000001 0.0546875
0 0.6062500000000001 0.5632812500000001 0.059375000000000004 0.035937500000000004
0 0.57421875 0.49375 0.060937500000000006 0.046875
0 0.434375 0.46875 0.040625 0.028125
0 0.41015625 0.5125000000000001 0.0390625 0.05
0 0.29609375 0.5875 0.0203125 0.07500000000000001
0 0.2421875 0.51328125 0.025 0.035937500000000004
0 0.16875 0.540625 0.028125 0.03125
0 0.13828125 0.7578125 0.0484375 0.037500000000000006
0 0.33359375 0.70703125 0.0421875 0.045312500000000006
0 0.41015625 0.65546875 0.029687500000000002 0.0390625
0 0.5015625 0.6734375 0.05 0.03125
0 0.56171875 0.7289062500000001 0.029687500000000002 0.051562500000000004
0 0.5421875 0.8140625 0.021875000000000002 0.059375000000000004
0 0.4078125 0.89765625 0.025 0.0671875
0 0.27578125000000003 0.7992187500000001 0.0328125 0.0671875