0 0.8109375000000001 0.38828125 0.03125 0.0703125
0 0.87265625 0.43125 0.0328125 0.07500000000000001
0 0.78671875 0.50703125 0.045312500000000006 0.0421875
0 0.7671875 0.47734375 0.053125000000000006 0.035937500000000004
0 0.66796875 0.484375 0.0203125 0.05
0 0.6820312500000001 0.4296875 0.0328125 0.07187500000000001
0 0.7375 0.4078125 0.015625 0.025
0 0.6328125 0.340625 0.025 0.03125
0 0.546875 0.37031250000000004 0.043750000000000004 0.037500000000000006
0 0.58046875 0.42890625000000004 0.026562500000000003 0.060937500000000006
0 0.64453125 0.5421875 0.0234375 0.05625
0 0.68359375 0.5734375 0.026562500000000003 0.03125
0 0.703125 0.58984375 0.03125 0.0703125
0 0.50546875 0.49531250000000004 0.0234375 0.043750000000000004
0 0.43359375 0.42812500000000003 0.0234375 0.025
0 0.30312500000000003 0.44375000000000003 0.03125 0.028125
0 0.2921875 0.465625 0.040625 0.028125
0 0.29140625000000003 0.4703125 0.0328125 0.028125
0 0.4890625 0.59140625 0.028125 0.060937500000000006
0 0.53828125 0.6507812500000001 0.0421875 0.051562500000000004
0 0.55625 0.7210937500000001 0.025 0.0390625