0 0.80390625 0.5796875 0.0703125 0.05625
0 0.66796875 0.5710937500000001 0.0671875 0.051562500000000004
0 0.61875 0.50234375 0.0625 0.051562500000000004
0 0.759375 0.40078125000000003 0.040625 0.1078125
0 0.5765625 0.39687500000000003 0.05625 0.11875000000000001
0 0.48750000000000004 0.37421875000000004 0.043750000000000004 0.0484375
0 0.478125 0.49375 0.043750000000000004 0.037500000000000006
0 0.35625 0.41171875 0.037500000000000006 0.08281250000000001
0 0.4 0.30859375 0.034375 0.0921875
0 0.29921875000000003 0.5609375 0.0328125 0.043750000000000004
0 0.23125 0.59609375 0.037500000000000006 0.045312500000000006
0 0.36171875000000003 0.675 0.045312500000000006 0.037500000000000006
0 0.22187500000000002 0.7132812500000001 0.040625 0.0421875
0 0.253125 0.81640625 0.053125000000000006 0.0484375
0 0.42812500000000003 0.8460937500000001 0.05 0.0734375
0 0.446875 0.7156250000000001 0.03125 0.08125
0 0.54921875 0.87890625 0.0390625 0.09843750000000001
0 0.6484375 0.790625 0.037500000000000006 0.09375
0 0.659375 0.73828125 0.037500000000000006 0.0578125