8 0.38125000000000003 0.465625 0.053125000000000006 0.05625
8 0.43281250000000004 0.52265625 0.037500000000000006 0.0390625
8 0.4546875 0.56484375 0.034375 0.035937500000000004
8 0.47109375000000003 0.54921875 0.035937500000000004 0.0140625
8 0.49140625000000004 0.48125 0.0546875 0.025
8 0.56640625 0.578125 0.0421875 0.037500000000000006
8 0.64765625 0.58359375 0.045312500000000006 0.0203125
8 0.6828125 0.51484375 0.034375 0.035937500000000004
8 0.6296875000000001 0.52734375 0.025 0.0171875
8 0.8304687500000001 0.55078125 0.0546875 0.0421875
8 0.8187500000000001 0.65 0.037500000000000006 0.037500000000000006
8 0.8656250000000001 0.71796875 0.037500000000000006 0.0328125
8 0.68125 0.7406250000000001 0.043750000000000004 0.03125
8 0.603125 0.66328125 0.05625 0.026562500000000003
8 0.5171875 0.63984375 0.037500000000000006 0.0328125
8 0.45937500000000003 0.628125 0.053125000000000006 0.018750000000000003
8 0.43046875 0.6765625000000001 0.0421875 0.037500000000000006
8 0.38906250000000003 0.65390625 0.034375 0.0203125
8 0.371875 0.71875 0.025 0.05625
8 0.4296875 0.74375 0.025 0.040625
8 0.37578125 0.815625 0.051562500000000004 0.03125
8 0.33203125 0.7953125000000001 0.0390625 0.018750000000000003
8 0.278125 0.8171875000000001 0.046875 0.03125
8 0.24531250000000002 0.7601562500000001 0.053125000000000006 0.0390625
8 0.26640625 0.690625 0.0546875 0.053125000000000006
8 0.33125000000000004 0.6109375 0.03125 0.05
8 0.30234375 0.59296875 0.051562500000000004 0.0234375
8 0.24375000000000002 0.63046875 0.043750000000000004 0.029687500000000002
8 0.2 0.571875 0.05 0.018750000000000003
8 0.146875 0.6125 0.037500000000000006 0.043750000000000004
8 0.084375 0.6703125000000001 0.037500000000000006 0.043750000000000004
8 0.18046875 0.7250000000000001 0.0328125 0.037500000000000006
8 0.1546875 0.7921875 0.028125 0.037500000000000006
8 0.2671875 0.853125 0.040625 0.03125
8 0.27421875 0.8640625000000001 0.045312500000000006 0.028125
8 0.36875 0.8968750000000001 0.040625 0.034375
8 0.54453125 0.6960937500000001 0.051562500000000004 0.0390625
8 0.55 0.77890625 0.040625 0.0328125
8 0.49843750000000003 0.78671875 0.043750000000000004 0.0390625
8 0.52109375 0.8375 0.0421875 0.03125
8 0.07500000000000001 0.8859375 0.05 0.040625