8 0.047656250000000004 0.8375 0.09531250000000001 0.178125
8 0.23125 0.85859375 0.07500000000000001 0.1265625
8 0.32656250000000003 0.7406250000000001 0.043750000000000004 0.07187500000000001
8 0.34765625 0.665625 0.0484375 0.07187500000000001
8 0.40156250000000004 0.67890625 0.040625 0.0765625
8 0.45703125 0.659375 0.0421875 0.084375
8 0.49843750000000003 0.6046875 0.03125 0.0625
8 0.5328125 0.5437500000000001 0.021875000000000002 0.05
8 0.56171875 0.4140625 0.0234375 0.05625
8 0.5796875 0.3484375 0.018750000000000003 0.05625
8 0.58984375 0.18515625000000002 0.0203125 0.045312500000000006
8 0.5906250000000001 0.07890625000000001 0.025 0.0921875
8 0.60546875 0.04296875 0.0234375 0.0546875
8 0.5734375 0.0765625 0.021875000000000002 0.059375000000000004
8 0.534375 0.05234375 0.034375 0.0671875
8 0.5484375 0.12734375 0.021875000000000002 0.0546875
8 0.55078125 0.22812500000000002 0.0234375 0.065625
8 0.54296875 0.2984375 0.0234375 0.05
8 0.5515625000000001 0.32656250000000003 0.025 0.040625
8 0.56484375 0.30546875 0.0171875 0.0421875
8 0.50234375 0.23125 0.045312500000000006 0.065625
8 0.4703125 0.22187500000000002 0.040625 0.07187500000000001
8 0.45156250000000003 0.1484375 0.05 0.084375
8 0.521875 0.1453125 0.025 0.053125000000000006
8 0.403125 0.3171875 0.040625 0.043750000000000004
8 0.32109375 0.22734375 0.0765625 0.1421875
8 0.22109375 0.26484375 0.1203125 0.1859375
8 0.41015625 0.43593750000000003 0.045312500000000006 0.09062500000000001
8 0.4578125 0.43515625 0.037500000000000006 0.0703125
8 0.49062500000000003 0.4375 0.025 0.059375000000000004
8 0.50625 0.47734375 0.025 0.0484375
8 0.52890625 0.46171875 0.0234375 0.051562500000000004
8 0.52734375 0.40078125000000003 0.029687500000000002 0.035937500000000004
8 0.49843750000000003 0.3296875 0.037500000000000006 0.059375000000000004
8 0.57421875 0.15781250000000002 0.0328125 0.07500000000000001
8 0.28203125 0.05078125 0.07968750000000001 0.0734375