8 0.5906250000000001 0.0625 0.05 0.06875
8 0.49921875000000004 0.037500000000000006 0.0421875 0.07500000000000001
8 0.5281250000000001 0.04609375 0.043750000000000004 0.0921875
8 0.66953125 0.19296875000000002 0.0484375 0.1234375
8 0.08750000000000001 0.18281250000000002 0.17500000000000002 0.225
8 0.1609375 0.43281250000000004 0.13125 0.209375
8 0.33984375 0.41796875 0.1421875 0.2109375
8 0.46953125 0.2859375 0.06406250000000001 0.115625
8 0.52109375 0.22890625 0.0578125 0.1453125
8 0.7109375 0.21796875000000002 0.040625 0.0859375
8 0.30703125000000003 0.59375 0.1046875 0.125
8 0.553125 0.7203125 0.09375 0.19062500000000002
8 0.6390625000000001 0.7054687500000001 0.053125000000000006 0.15781250000000002
8 0.49843750000000003 0.42265625 0.07187500000000001 0.11093750000000001
8 0.5632812500000001 0.484375 0.0484375 0.096875
8 0.6687500000000001 0.359375 0.046875 0.09062500000000001
8 0.61484375 0.5125000000000001 0.0546875 0.1375
8 0.6429687500000001 0.0015625 0.0421875 0.003125
8 0.2546875 0.9484375 0.13125 0.07500000000000001