2 0.54140625 0.096875 0.11093750000000001 0.10625000000000001
2 0.5140625 0.5710937500000001 0.115625 0.0859375
2 0.54609375 0.6648437500000001 0.1453125 0.0890625
2 0.01015625 0.53359375 0.0203125 0.0890625
4 0.6671875 0.9398437500000001 0.09062500000000001 0.0921875
7 0.4109375 0.43984375000000003 0.037500000000000006 0.0546875
7 0.734375 0.29453125 0.037500000000000006 0.0421875
0 0.2265625 0.24140625000000002 0.084375 0.0421875
15 0.35625 0.178125 0.2625 0.109375
15 0.5703125 0.2328125 0.296875 0.140625
15 0.946875 0.09531250000000001 0.10312500000000001 0.18125000000000002