8 0.465625 0.815625 0.021875000000000002 0.018750000000000003
8 0.48281250000000003 0.84296875 0.021875000000000002 0.0171875
8 0.5203125000000001 0.82578125 0.018750000000000003 0.0171875
0 0.4890625 0.80390625 0.021875000000000002 0.0171875
8 0.49375 0.86640625 0.028125 0.026562500000000003
9 0.509375 0.8929687500000001 0.028125 0.0328125
8 0.5640625 0.8078125 0.015625 0.0125
0 0.4296875 0.91328125 0.018750000000000003 0.0234375
8 0.39375000000000004 0.77890625 0.028125 0.0203125
8 0.39453125 0.8140625 0.0171875 0.015625
13 0.296875 0.8875000000000001 0.043750000000000004 0.059375000000000004
15 0.6429687500000001 0.8171875000000001 0.0390625 0.03125
15 0.6726562500000001 0.81953125 0.026562500000000003 0.026562500000000003