15 0.28750000000000003 0.12265625000000001 0.08750000000000001 0.0921875
15 0.31875000000000003 0.19843750000000002 0.09375 0.07187500000000001
15 0.34218750000000003 0.25859375 0.07500000000000001 0.0671875
15 0.3765625 0.32890625 0.07187500000000001 0.08281250000000001
15 0.40859375000000003 0.38906250000000003 0.0765625 0.07500000000000001
15 0.44062500000000004 0.43515625 0.096875 0.07968750000000001
15 0.49062500000000003 0.51796875 0.109375 0.09843750000000001
15 0.525 0.6015625 0.08750000000000001 0.09062500000000001
15 0.5398437500000001 0.66796875 0.06406250000000001 0.060937500000000006
15 0.6257812500000001 0.7781250000000001 0.1046875 0.125
15 0.6507812500000001 0.8703125 0.1640625 0.15937500000000002
15 0.91796875 0.546875 0.1015625 0.12187500000000001
15 0.6218750000000001 0.9578125000000001 0.16875 0.084375
15 0.8484375000000001 0.7210937500000001 0.05625 0.11093750000000001