11 0.72421875 0.5945312500000001 0.0234375 0.035937500000000004
11 0.8757812500000001 0.56171875 0.0203125 0.0328125
11 0.7484375000000001 0.42031250000000003 0.021875000000000002 0.034375
11 0.66796875 0.390625 0.0328125 0.034375
11 0.62265625 0.32734375000000004 0.0234375 0.026562500000000003
11 0.59609375 0.52890625 0.035937500000000004 0.0421875
11 0.51953125 0.37890625 0.026562500000000003 0.0390625
11 0.5421875 0.26796875000000003 0.028125 0.026562500000000003
11 0.45703125 0.28359375000000003 0.0234375 0.0234375
11 0.39921875 0.29531250000000003 0.0171875 0.034375
11 0.33828125000000003 0.34296875000000004 0.0171875 0.0203125
11 0.33671875 0.44453125000000004 0.0390625 0.0390625
11 0.34218750000000003 0.55 0.028125 0.046875
11 0.45546875000000003 0.4625 0.0171875 0.025
11 0.2515625 0.35859375000000004 0.034375 0.0390625
6 0.45 0.6335937500000001 0.0125 0.0328125
6 0.5109375 0.7000000000000001 0.021875000000000002 0.03125
6 0.625 0.67734375 0.025 0.0390625
14 0.34140625 0.675 0.09843750000000001 0.084375
14 0.19765625 0.55625 0.0703125 0.084375