16 0.75390625 0.86328125 0.0078125 0.029687500000000002
3 0.7718750000000001 0.846875 0.009375000000000001 0.018750000000000003
4 0.73203125 0.83359375 0.0078125 0.0203125
3 0.70625 0.8343750000000001 0.009375000000000001 0.018750000000000003
7 0.6671875 0.8187500000000001 0.015625 0.018750000000000003
7 0.6515625 0.83203125 0.00625 0.0203125
8 0.64453125 0.85859375 0.026562500000000003 0.0203125
11 0.6585937500000001 0.875 0.0171875 0.015625
10 0.6515625 0.7515625 0.021875000000000002 0.0125
4 0.62265625 0.7828125 0.0078125 0.015625
0 0.5734375 0.82734375 0.0125 0.0328125
8 0.584375 0.7976562500000001 0.018750000000000003 0.010937500000000001
5 0.5125000000000001 0.8109375000000001 0.025 0.018750000000000003
5 0.534375 0.846875 0.03125 0.046875
11 0.58828125 0.88984375 0.010937500000000001 0.0140625
0 0.4890625 0.7734375 0.021875000000000002 0.018750000000000003
16 0.80859375 0.7992187500000001 0.010937500000000001 0.035937500000000004
1 0.7195312500000001 0.8890625000000001 0.0140625 0.015625
5 0.6890625 0.95625 0.021875000000000002 0.021875000000000002
1 0.78671875 0.8992187500000001 0.0203125 0.010937500000000001
10 0.7046875 0.76953125 0.021875000000000002 0.010937500000000001