13 0.88828125 0.27109375 0.11093750000000001 0.0671875
13 0.43828125 0.33515625000000004 0.045312500000000006 0.035937500000000004
13 0.6976562500000001 0.2828125 0.045312500000000006 0.034375
13 0.734375 0.25 0.053125000000000006 0.028125
13 0.7046875 0.22812500000000002 0.028125 0.03125
13 0.6687500000000001 0.22734375 0.053125000000000006 0.045312500000000006
13 0.4390625 0.27578125000000003 0.025 0.0171875
13 0.8601562500000001 0.20468750000000002 0.0234375 0.028125
7 0.13046875 0.63671875 0.035937500000000004 0.045312500000000006
7 0.29765625 0.5281250000000001 0.0421875 0.05
7 0.4625 0.44296875 0.043750000000000004 0.045312500000000006
7 0.44609375 0.415625 0.026562500000000003 0.028125
7 0.56953125 0.43515625 0.0328125 0.0328125
7 0.68125 0.48984375 0.046875 0.026562500000000003
7 0.7742187500000001 0.5109375 0.0578125 0.059375000000000004
7 0.58515625 0.596875 0.045312500000000006 0.059375000000000004
7 0.39453125 0.6062500000000001 0.045312500000000006 0.059375000000000004
7 0.78515625 0.67109375 0.0484375 0.045312500000000006