11 0.74765625 0.5796875 0.029687500000000002 0.03125
11 0.53515625 0.509375 0.0234375 0.025
11 0.5234375 0.47734375 0.018750000000000003 0.0203125
11 0.5710937500000001 0.42109375000000004 0.0203125 0.0203125
11 0.5609375 0.3796875 0.0125 0.0125
11 0.6843750000000001 0.40546875000000004 0.018750000000000003 0.0203125
11 0.68671875 0.47421875 0.0234375 0.0234375
11 0.61328125 0.5203125000000001 0.010937500000000001 0.021875000000000002
11 0.83984375 0.38671875 0.0171875 0.0140625
11 0.84921875 0.41484375 0.0171875 0.0203125
11 0.815625 0.34453125 0.015625 0.0171875
11 0.69921875 0.33515625000000004 0.0140625 0.0171875
14 0.6578125 0.5789062500000001 0.037500000000000006 0.051562500000000004
11 0.53125 0.59375 0.0125 0.018750000000000003
6 0.55859375 0.5554687500000001 0.0078125 0.010937500000000001
6 0.48984375 0.5734375 0.0140625 0.018750000000000003
6 0.6375000000000001 0.6351562500000001 0.0125 0.0171875
14 0.81171875 0.509375 0.0484375 0.025
6 0.07265625 0.89453125 0.0171875 0.026562500000000003
6 0.41171875 0.7671875 0.0140625 0.0125