13 0.90546875 0.46796875000000004 0.18906250000000002 0.13593750000000002
13 0.1765625 0.9453125 0.1375 0.10312500000000001
7 0.54296875 0.47890625000000003 0.0390625 0.051562500000000004
7 0.66171875 0.42265625 0.0390625 0.035937500000000004
7 0.49296875 0.45703125 0.026562500000000003 0.029687500000000002
7 0.38359375 0.4625 0.026562500000000003 0.037500000000000006
7 0.33203125 0.45859375 0.0234375 0.0234375
7 0.21875 0.52734375 0.046875 0.0484375
7 0.24453125 0.5593750000000001 0.035937500000000004 0.028125
7 0.26171875 0.6039062500000001 0.035937500000000004 0.0390625
7 0.36562500000000003 0.5828125000000001 0.046875 0.046875
7 0.35468750000000004 0.6468750000000001 0.040625 0.034375