5 0.44140625 0.884375 0.029687500000000002 0.046875
5 0.42500000000000004 0.846875 0.025 0.021875000000000002
0 0.40937500000000004 0.80625 0.021875000000000002 0.018750000000000003
0 0.48203125 0.8734375000000001 0.010937500000000001 0.034375
8 0.49921875000000004 0.8453125 0.0234375 0.0125
8 0.54609375 0.9554687500000001 0.026562500000000003 0.0203125
11 0.4859375 0.93671875 0.0125 0.0140625
11 0.5578125 0.9343750000000001 0.018750000000000003 0.015625
7 0.56015625 0.890625 0.0078125 0.021875000000000002
7 0.57734375 0.88046875 0.0140625 0.0171875
4 0.5398437500000001 0.8359375 0.0078125 0.018750000000000003
4 0.6390625000000001 0.9031250000000001 0.009375000000000001 0.025
3 0.67734375 0.925 0.010937500000000001 0.021875000000000002
3 0.6125 0.9007812500000001 0.009375000000000001 0.0203125
10 0.64765625 0.8656250000000001 0.029687500000000002 0.021875000000000002
10 0.5750000000000001 0.8148437500000001 0.025 0.010937500000000001
1 0.61640625 0.9578125000000001 0.0140625 0.018750000000000003
1 0.68125 0.978125 0.021875000000000002 0.015625
16 0.65625 0.9375 0.009375000000000001 0.03125
16 0.72265625 0.878125 0.0078125 0.034375