2 0.340625 0.55703125 0.08750000000000001 0.1765625
2 0.47265625 0.1296875 0.035937500000000004 0.05625
2 0.659375 0.6218750000000001 0.05625 0.1
2 0.6375000000000001 0.49609375 0.040625 0.0921875
2 0.6156250000000001 0.5164062500000001 0.021875000000000002 0.0703125
2 0.63671875 0.39375000000000004 0.0328125 0.05625
2 0.73984375 0.7250000000000001 0.0328125 0.053125000000000006
2 0.69140625 0.79609375 0.051562500000000004 0.1046875
2 0.35390625000000003 0.115625 0.029687500000000002 0.043750000000000004
2 0.34921875 0.0625 0.035937500000000004 0.065625
2 0.434375 0.125 0.028125 0.05
5 0.3875 0.08750000000000001 0.037500000000000006 0.07187500000000001
5 0.36328125 0.19921875 0.0546875 0.0890625
5 0.290625 0.37812500000000004 0.043750000000000004 0.084375
5 0.39296875000000003 0.6140625000000001 0.045312500000000006 0.09375
5 0.5515625000000001 0.81015625 0.025 0.0546875
5 0.5789062500000001 0.48281250000000003 0.026562500000000003 0.05
5 0.59140625 0.8992187500000001 0.026562500000000003 0.035937500000000004
0 0.628125 0.86328125 0.03125 0.0546875
8 0.46718750000000003 0.69140625 0.025 0.060937500000000006
8 0.53125 0.5765625 0.021875000000000002 0.053125000000000006
8 0.6125 0.6734375 0.03125 0.059375000000000004
0 0.4546875 0.3765625 0.018750000000000003 0.046875
4 0.36562500000000003 0.46718750000000003 0.034375 0.053125000000000006
5 0.43515625 0.55625 0.045312500000000006 0.07500000000000001
11 0.5789062500000001 0.79296875 0.026562500000000003 0.045312500000000006
11 0.5320312500000001 0.37343750000000003 0.0203125 0.03125
11 0.5140625 0.16953125000000002 0.025 0.0484375
13 0.5 0.053125000000000006 0.040625 0.0625
13 0.496875 0.37031250000000004 0.037500000000000006 0.078125
3 0.55625 0.078125 0.018750000000000003 0.034375
7 0.6257812500000001 0.21171875 0.0203125 0.029687500000000002
0 0.66796875 0.32890625 0.0234375 0.0328125
0 0.7109375 0.36640625000000004 0.021875000000000002 0.029687500000000002
0 0.784375 0.5203125000000001 0.021875000000000002 0.040625
2 0.76328125 0.6140625000000001 0.035937500000000004 0.078125
2 0.7523437500000001 0.77890625 0.0203125 0.045312500000000006
2 0.7875000000000001 0.6000000000000001 0.025 0.05625
4 0.70078125 0.3765625 0.0140625 0.028125
8 0.6648437500000001 0.50234375 0.0171875 0.029687500000000002
8 0.68671875 0.49375 0.0140625 0.028125
8 0.6820312500000001 0.46640625 0.0078125 0.0140625
8 0.67578125 0.41796875 0.0171875 0.029687500000000002
8 0.69296875 0.40625 0.0140625 0.021875000000000002
8 0.64453125 0.31562500000000004 0.0140625 0.018750000000000003
8 0.64453125 0.29531250000000003 0.0203125 0.037500000000000006
8 0.6585937500000001 0.29609375 0.0078125 0.0203125
8 0.6203125 0.38984375000000004 0.015625 0.0234375
8 0.60703125 0.41015625 0.0140625 0.0203125
8 0.60859375 0.3203125 0.0140625 0.03125
8 0.5140625 0.35781250000000003 0.018750000000000003 0.034375
8 0.5015625 0.12109375 0.018750000000000003 0.0328125
8 0.52109375 0.09921875000000001 0.0171875 0.0328125
8 0.7039062500000001 0.625 0.010937500000000001 0.025
8 0.70859375 0.5921875 0.0140625 0.03125
8 0.71875 0.59765625 0.0125 0.026562500000000003
8 0.71796875 0.5484375 0.0171875 0.028125
8 0.7054687500000001 0.5390625 0.0203125 0.03125
11 0.7210937500000001 0.515625 0.0171875 0.028125
4 0.7367187500000001 0.52265625 0.0140625 0.0234375
13 0.73984375 0.49453125000000003 0.0328125 0.06406250000000001
0 0.74765625 0.45859375 0.010937500000000001 0.0234375
0 0.7515625 0.44609375 0.018750000000000003 0.029687500000000002
8 0.7351562500000001 0.43046875 0.0171875 0.035937500000000004
8 0.7984375 0.7984375 0.025 0.043750000000000004
15 0.8328125000000001 0.6234375000000001 0.096875 0.20625000000000002
15 0.8929687500000001 0.9046875000000001 0.09531250000000001 0.19062500000000002
15 0.29140625000000003 0.80234375 0.2609375 0.37343750000000003
13 0.6414062500000001 0.22031250000000002 0.026562500000000003 0.07500000000000001