8 0.7375 0.17500000000000002 0.22812500000000002 0.21875
8 0.6585937500000001 0.0734375 0.16718750000000002 0.08750000000000001
8 0.42812500000000003 0.0578125 0.1 0.07500000000000001
8 0.26015625000000003 0.15859375 0.0734375 0.1046875
8 0.45625000000000004 0.19765625 0.08750000000000001 0.11406250000000001
8 0.515625 0.25078125 0.096875 0.1171875
8 0.5632812500000001 0.3203125 0.1703125 0.18125000000000002
8 0.38359375 0.24921875000000002 0.0859375 0.0890625
8 0.234375 0.2765625 0.08125 0.078125
8 0.1953125 0.265625 0.06875 0.078125
8 0.15234375 0.14921875 0.0390625 0.051562500000000004
8 0.22109375 0.42109375000000004 0.051562500000000004 0.0734375
8 0.35625 0.38359375 0.1125 0.1203125
8 0.24531250000000002 0.48281250000000003 0.10625000000000001 0.10625000000000001
8 0.259375 0.5171875 0.08125 0.096875
8 0.1921875 0.55859375 0.07500000000000001 0.09531250000000001
8 0.25703125 0.6515625 0.0859375 0.12187500000000001
8 0.1859375 0.73984375 0.10625000000000001 0.1796875
8 0.16640625 0.9375 0.09843750000000001 0.125
8 0.33671875 0.81953125 0.15156250000000002 0.17343750000000002
8 0.46953125 0.6257812500000001 0.1078125 0.13593750000000002
8 0.35546875 0.9617187500000001 0.1015625 0.0765625