8 0.32421875 0.0671875 0.11093750000000001 0.134375
8 0.42734375 0.1046875 0.045312500000000006 0.059375000000000004
8 0.47187500000000004 0.07109375 0.040625 0.0765625
8 0.50703125 0.109375 0.0328125 0.0625
8 0.49609375 0.003125 0.0328125 0.00625
8 0.5375 0.0023437500000000003 0.034375 0.004687500000000001
8 0.37343750000000003 0.0023437500000000003 0.043750000000000004 0.004687500000000001
8 0.5484375 0.1625 0.034375 0.08750000000000001
8 0.5703125 0.15234375 0.021875000000000002 0.0484375
8 0.5890625 0.11484375000000001 0.025 0.060937500000000006
8 0.5140625 0.055468750000000004 0.03125 0.0671875
8 0.40234375 0.20468750000000002 0.0484375 0.109375
8 0.46015625000000004 0.24531250000000002 0.0421875 0.084375
8 0.3453125 0.37421875000000004 0.06875 0.11406250000000001
8 0.58046875 0.23203125000000002 0.026562500000000003 0.06406250000000001
8 0.61484375 0.23828125 0.029687500000000002 0.0578125
8 0.6312500000000001 0.35468750000000004 0.034375 0.078125
8 0.55234375 0.309375 0.0484375 0.06875
8 0.5109375 0.31875000000000003 0.046875 0.115625
8 0.5750000000000001 0.30703125000000003 0.03125 0.0484375
8 0.51796875 0.42265625 0.035937500000000004 0.0890625
8 0.59140625 0.42812500000000003 0.0484375 0.05625
8 0.6429687500000001 0.49296875 0.029687500000000002 0.051562500000000004
8 0.5953125 0.53828125 0.034375 0.07968750000000001
8 0.50703125 0.525 0.0484375 0.10625000000000001
8 0.39921875 0.64375 0.0921875 0.17500000000000002
8 0.5789062500000001 0.61640625 0.035937500000000004 0.0578125
8 0.64765625 0.6117187500000001 0.0234375 0.060937500000000006
8 0.659375 0.6351562500000001 0.015625 0.0546875
8 0.6765625000000001 0.74140625 0.025 0.0546875
8 0.5734375 0.7914062500000001 0.046875 0.11093750000000001
8 0.6101562500000001 0.9109375000000001 0.0421875 0.06875
8 0.6804687500000001 0.921875 0.026562500000000003 0.034375
8 0.5437500000000001 0.9265625000000001 0.059375000000000004 0.05
8 0.15703125 0.83125 0.1265625 0.20625000000000002