8 0.6671875 0.2625 0.05625 0.0625
8 0.56796875 0.30546875 0.035937500000000004 0.0171875
8 0.5875 0.325 0.037500000000000006 0.043750000000000004
8 0.6015625 0.3875 0.037500000000000006 0.043750000000000004
8 0.571875 0.38515625000000003 0.040625 0.0171875
8 0.51875 0.39453125 0.037500000000000006 0.035937500000000004
8 0.4703125 0.42734375 0.05 0.0328125
8 0.41875 0.47890625000000003 0.043750000000000004 0.0328125
8 0.3453125 0.42890625000000004 0.037500000000000006 0.035937500000000004
8 0.3609375 0.36796875 0.053125000000000006 0.045312500000000006
8 0.390625 0.3296875 0.046875 0.025
8 0.4109375 0.27578125000000003 0.025 0.0203125
8 0.4625 0.309375 0.028125 0.040625
8 0.259375 0.23984375000000002 0.046875 0.0546875
8 0.1703125 0.45156250000000003 0.037500000000000006 0.034375
8 0.47968750000000004 0.534375 0.040625 0.034375
8 0.5328125 0.54296875 0.043750000000000004 0.0421875
8 0.509375 0.59375 0.043750000000000004 0.034375
8 0.6531250000000001 0.5789062500000001 0.05 0.035937500000000004
8 0.69921875 0.5609375 0.0390625 0.021875000000000002
8 0.7523437500000001 0.5859375 0.045312500000000006 0.03125
8 0.7625000000000001 0.6218750000000001 0.040625 0.03125
8 0.75390625 0.6335937500000001 0.045312500000000006 0.0328125
8 0.659375 0.66015625 0.040625 0.035937500000000004
8 0.6484375 0.36796875 0.034375 0.0484375
8 0.6312500000000001 0.42500000000000004 0.065625 0.037500000000000006
8 0.6218750000000001 0.47109375000000003 0.059375000000000004 0.035937500000000004
8 0.63203125 0.48203125 0.0328125 0.035937500000000004
8 0.6515625 0.48828125 0.05 0.0421875
8 0.6953125 0.44843750000000004 0.034375 0.028125
8 0.7515625 0.446875 0.053125000000000006 0.043750000000000004
8 0.7937500000000001 0.45234375000000004 0.037500000000000006 0.035937500000000004
8 0.8109375000000001 0.43046875 0.053125000000000006 0.035937500000000004
8 0.78046875 0.37343750000000003 0.06406250000000001 0.034375
8 0.8718750000000001 0.39921875 0.05 0.035937500000000004
8 0.8851562500000001 0.45625000000000004 0.035937500000000004 0.046875
8 0.87265625 0.5234375 0.0546875 0.037500000000000006
8 0.8078125 0.5281250000000001 0.040625 0.037500000000000006
8 0.77734375 0.53125 0.035937500000000004 0.040625
8 0.8609375 0.5734375 0.03125 0.043750000000000004
8 0.9515625000000001 0.665625 0.05 0.043750000000000004