0 0.8890625000000001 0.8031250000000001 0.084375 0.12187500000000001
0 0.96484375 0.8695312500000001 0.0703125 0.1203125
0 0.26640625 0.62265625 0.0703125 0.11093750000000001
0 0.08281250000000001 0.44375000000000003 0.053125000000000006 0.084375
2 0.32578125 0.39140625 0.1953125 0.15156250000000002
2 0.325 0.7453125 0.209375 0.134375
2 0.5625 0.57734375 0.15937500000000002 0.11093750000000001
2 0.90546875 0.5945312500000001 0.1765625 0.0921875
2 0.1390625 0.5015625 0.12812500000000002 0.1
13 0.52265625 0.40703125 0.2421875 0.1921875
13 0.34687500000000004 0.90234375 0.2625 0.1953125
13 0.8226562500000001 0.42734375 0.35468750000000004 0.3484375
13 0.99375 0.61328125 0.0125 0.1203125