2 0.796875 0.49531250000000004 0.06875 0.134375
2 0.7562500000000001 0.6312500000000001 0.07500000000000001 0.043750000000000004
2 0.7453125 0.7296875 0.034375 0.043750000000000004
2 0.66796875 0.69453125 0.0484375 0.035937500000000004
2 0.58984375 0.62265625 0.045312500000000006 0.1265625
2 0.55234375 0.5625 0.08281250000000001 0.046875
2 0.53828125 0.51015625 0.0859375 0.0546875
2 0.540625 0.40625 0.078125 0.046875
2 0.36328125 0.453125 0.0671875 0.078125
2 0.35625 0.38359375 0.059375000000000004 0.0328125
2 0.30625 0.5703125 0.040625 0.046875
2 0.15703125 0.42109375000000004 0.0734375 0.035937500000000004
2 0.18906250000000002 0.6531250000000001 0.037500000000000006 0.046875
13 0.31171875000000004 0.8968750000000001 0.07968750000000001 0.203125
2 0.5125000000000001 0.7210937500000001 0.0625 0.0546875
2 0.43046875 0.628125 0.060937500000000006 0.065625
2 0.5765625 0.83125 0.115625 0.134375