13 0.8171875000000001 0.18046875 0.11875000000000001 0.2421875
13 0.87421875 0.13125 0.1015625 0.146875
13 0.8617187500000001 0.7992187500000001 0.0546875 0.0859375
7 0.67578125 0.3296875 0.0546875 0.040625
7 0.5171875 0.34140625 0.065625 0.0578125
7 0.6156250000000001 0.4390625 0.05 0.084375
7 0.69140625 0.634375 0.051562500000000004 0.06875
7 0.7445312500000001 0.721875 0.0328125 0.043750000000000004
7 0.63828125 0.8890625000000001 0.051562500000000004 0.05625
7 0.5242187500000001 0.8234375 0.045312500000000006 0.046875
7 0.40703125 0.5140625 0.060937500000000006 0.10625000000000001
7 0.284375 0.6453125000000001 0.065625 0.09375
7 0.38984375000000004 0.8875000000000001 0.0890625 0.109375