7 0.44765625000000003 0.0921875 0.045312500000000006 0.07187500000000001
2 0.46718750000000003 0.26015625000000003 0.15937500000000002 0.1046875
2 0.6921875000000001 0.38593750000000004 0.1875 0.16562500000000002
2 0.9187500000000001 0.25703125 0.1625 0.20468750000000002
2 0.9484375 0.371875 0.10312500000000001 0.1375
8 0.94453125 0.5046875000000001 0.11093750000000001 0.10625000000000001
8 0.8765625 0.8390625 0.115625 0.10625000000000001
8 0.93359375 0.9343750000000001 0.1328125 0.12187500000000001
2 0.5078125 0.49375 0.12187500000000001 0.16875
2 0.19609375 0.33046875000000003 0.11406250000000001 0.13593750000000002
0 0.23828125 0.8523437500000001 0.1046875 0.0921875
8 0.6328125 0.12734375 0.059375000000000004 0.045312500000000006
8 0.6046875 0.10078125 0.059375000000000004 0.0484375
8 0.6703125000000001 0.07734375 0.0625 0.0421875
8 0.9953125 0.10546875 0.009375000000000001 0.045312500000000006
8 0.328125 0.96640625 0.1 0.0671875
8 0.146875 0.9359375000000001 0.0625 0.084375