8 0.07109375 0.58359375 0.1421875 0.2515625
8 0.32109375 0.5546875 0.09531250000000001 0.15937500000000002
8 0.2671875 0.265625 0.08125 0.1125
8 0.3296875 0.14765625000000002 0.0625 0.1234375
8 0.35703125 0.0734375 0.035937500000000004 0.065625
8 0.40937500000000004 0.07500000000000001 0.040625 0.065625
8 0.44921875 0.08515625 0.0328125 0.06406250000000001
8 0.44453125000000004 0.1265625 0.0421875 0.0625
8 0.4765625 0.041406250000000006 0.034375 0.045312500000000006
8 0.5328125 0.18984375 0.028125 0.0578125
8 0.51171875 0.21406250000000002 0.0234375 0.053125000000000006
8 0.48671875000000003 0.209375 0.0328125 0.09062500000000001
8 0.39453125 0.22187500000000002 0.0390625 0.084375
8 0.4453125 0.325 0.043750000000000004 0.1
8 0.48828125 0.33906250000000004 0.051562500000000004 0.078125
8 0.51328125 0.35000000000000003 0.026562500000000003 0.05
8 0.51875 0.28984375 0.028125 0.06406250000000001
8 0.55625 0.32421875 0.025 0.060937500000000006
8 0.57578125 0.43984375000000003 0.029687500000000002 0.0765625
8 0.53359375 0.4734375 0.0484375 0.059375000000000004
8 0.4546875 0.42421875000000003 0.043750000000000004 0.0921875
8 0.4390625 0.51015625 0.053125000000000006 0.1015625
8 0.53515625 0.5890625 0.0390625 0.07500000000000001
8 0.5859375 0.5750000000000001 0.028125 0.053125000000000006
8 0.59609375 0.68671875 0.0328125 0.0578125
8 0.60546875 0.7195312500000001 0.0234375 0.0421875
8 0.62421875 0.8359375 0.029687500000000002 0.046875
8 0.50625 0.8171875000000001 0.065625 0.11875000000000001
8 0.51953125 0.6390625000000001 0.029687500000000002 0.03125
8 0.540625 0.9617187500000001 0.06875 0.0765625
8 0.4734375 0.9476562500000001 0.09062500000000001 0.1046875
8 0.42031250000000003 0.95859375 0.037500000000000006 0.08281250000000001