8 0.39609375 0.2421875 0.11406250000000001 0.178125
8 0.58515625 0.24921875000000002 0.0578125 0.1484375
8 0.76328125 0.340625 0.0484375 0.08125
8 0.7507812500000001 0.40859375000000003 0.0578125 0.0765625
8 0.8031250000000001 0.42734375 0.03125 0.060937500000000006
8 0.8375 0.38515625000000003 0.025 0.06406250000000001
8 0.8875000000000001 0.3765625 0.037500000000000006 0.07500000000000001
8 0.88828125 0.4921875 0.035937500000000004 0.05625
8 0.7578125 0.7171875000000001 0.034375 0.096875
8 0.7000000000000001 0.7515625 0.034375 0.0625
8 0.6726562500000001 0.7289062500000001 0.0203125 0.0421875
8 0.6843750000000001 0.6203125 0.043750000000000004 0.08125
8 0.6312500000000001 0.6117187500000001 0.065625 0.0703125
8 0.553125 0.5796875 0.053125000000000006 0.09062500000000001
8 0.50390625 0.5296875 0.0578125 0.096875
8 0.41484375 0.51796875 0.0671875 0.0921875
8 0.40390625 0.63203125 0.09843750000000001 0.07968750000000001
8 0.52109375 0.73203125 0.0734375 0.08281250000000001
8 0.5328125 0.82421875 0.05 0.0578125
8 0.55859375 0.86640625 0.0546875 0.0671875
8 0.65625 0.8859375 0.028125 0.028125
8 0.68359375 0.8375 0.0390625 0.065625
8 0.0921875 0.63828125 0.178125 0.1484375
8 0.24531250000000002 0.784375 0.07500000000000001 0.115625
8 0.31093750000000003 0.83515625 0.0625 0.0765625
8 0.47500000000000003 0.8453125 0.0625 0.0625
8 0.259375 0.93671875 0.078125 0.0859375
8 0.14375000000000002 0.8484375000000001 0.046875 0.10625000000000001
8 0.040625 0.9148437500000001 0.08125 0.1390625