13 0.29375 0.70703125 0.018750000000000003 0.0234375
13 0.30312500000000003 0.71796875 0.009375000000000001 0.0140625
13 0.28750000000000003 0.71796875 0.018750000000000003 0.0203125
13 0.34921875 0.6882812500000001 0.035937500000000004 0.0421875
13 0.37578125 0.7125 0.0140625 0.018750000000000003
13 0.31484375000000003 0.765625 0.0203125 0.015625
13 0.32265625000000003 0.8359375 0.0234375 0.021875000000000002
13 0.22031250000000002 0.8382812500000001 0.028125 0.026562500000000003
13 0.215625 0.68359375 0.018750000000000003 0.0234375
13 0.21875 0.6585937500000001 0.025 0.0203125
13 0.20625000000000002 0.6515625 0.009375000000000001 0.0125
10 0.09296875 0.6492187500000001 0.0140625 0.0140625