8 0.15625 0.7601562500000001 0.125 0.1390625
8 0.4703125 0.728125 0.1 0.140625
8 0.4625 0.60546875 0.1625 0.1703125
8 0.403125 0.5265625 0.084375 0.096875
8 0.24453125 0.58203125 0.1046875 0.1609375
8 0.13984375000000002 0.515625 0.0734375 0.08750000000000001
8 0.12421875 0.44375000000000003 0.07968750000000001 0.1
8 0.13125 0.35000000000000003 0.028125 0.021875000000000002
8 0.1703125 0.30390625000000004 0.0625 0.07968750000000001
8 0.24765625000000002 0.23750000000000002 0.0671875 0.06875
8 0.27421875 0.25859375 0.060937500000000006 0.0671875
8 0.35859375000000004 0.1375 0.045312500000000006 0.043750000000000004
8 0.46484375 0.09921875000000001 0.045312500000000006 0.045312500000000006
8 0.35703125 0.225 0.035937500000000004 0.046875
8 0.3015625 0.31953125000000004 0.06875 0.0578125
8 0.3015625 0.4546875 0.07500000000000001 0.06875
8 0.38359375 0.371875 0.051562500000000004 0.059375000000000004
8 0.42265625 0.421875 0.0734375 0.07500000000000001
8 0.37890625 0.29140625000000003 0.0703125 0.051562500000000004
8 0.42812500000000003 0.2984375 0.08125 0.059375000000000004
8 0.50234375 0.23046875 0.0484375 0.0765625
8 0.49921875000000004 0.18125000000000002 0.0484375 0.05625
8 0.44375000000000003 0.18828125 0.046875 0.0484375
8 0.57734375 0.09375 0.0421875 0.046875
8 0.49531250000000004 0.11406250000000001 0.043750000000000004 0.053125000000000006
8 0.69453125 0.0671875 0.0734375 0.053125000000000006
8 0.7875000000000001 0.065625 0.05625 0.053125000000000006
8 0.8890625000000001 0.07890625000000001 0.07500000000000001 0.060937500000000006
8 0.9171875 0.17421875 0.10625000000000001 0.0859375
8 0.93671875 0.24296875 0.09531250000000001 0.11093750000000001
8 0.7578125 0.14296875 0.046875 0.045312500000000006
8 0.6859375000000001 0.14375000000000002 0.053125000000000006 0.05625
8 0.5921875 0.1765625 0.059375000000000004 0.053125000000000006
8 0.61484375 0.27734375 0.0671875 0.0703125
8 0.6804687500000001 0.19609375 0.08281250000000001 0.0546875
8 0.696875 0.25546875 0.0625 0.0734375
8 0.7515625 0.28046875 0.065625 0.0765625
8 0.8 0.30625 0.115625 0.109375
8 0.56796875 0.34609375000000003 0.1015625 0.0890625
8 0.66953125 0.46406250000000004 0.0859375 0.096875
8 0.5375 0.46015625000000004 0.08750000000000001 0.11406250000000001