8 0.609375 0.014843750000000001 0.043750000000000004 0.029687500000000002
8 0.61640625 0.07968750000000001 0.0765625 0.15625
8 0.6742187500000001 0.27578125000000003 0.09531250000000001 0.1765625
8 0.5867187500000001 0.2984375 0.06406250000000001 0.13125
8 0.5140625 0.41875 0.037500000000000006 0.043750000000000004
8 0.50703125 0.5437500000000001 0.0390625 0.09062500000000001
8 0.45703125 0.56015625 0.035937500000000004 0.060937500000000006
8 0.43125 0.59296875 0.025 0.06406250000000001
8 0.4140625 0.640625 0.025 0.0625
8 0.3953125 0.6351562500000001 0.018750000000000003 0.045312500000000006
8 0.39765625000000004 0.56875 0.026562500000000003 0.040625
8 0.36171875000000003 0.6046875 0.0171875 0.0625
8 0.34921875 0.546875 0.0140625 0.059375000000000004
8 0.4265625 0.48281250000000003 0.03125 0.06875
8 0.38593750000000004 0.47187500000000004 0.018750000000000003 0.046875
8 0.37734375000000003 0.509375 0.0171875 0.043750000000000004
8 0.36640625000000004 0.49921875000000004 0.0140625 0.045312500000000006
8 0.35703125 0.48984375 0.0140625 0.0484375
8 0.38203125000000004 0.4140625 0.0171875 0.053125000000000006
8 0.42734375 0.3875 0.035937500000000004 0.059375000000000004
8 0.45156250000000003 0.36875 0.03125 0.07187500000000001
8 0.47421875 0.28515625 0.035937500000000004 0.08281250000000001
8 0.41171875 0.32265625000000003 0.0203125 0.0421875
8 0.38828125 0.31953125000000004 0.0171875 0.045312500000000006
8 0.403125 0.24375000000000002 0.021875000000000002 0.059375000000000004
8 0.36953125000000003 0.2828125 0.0140625 0.05
8 0.48046875 0.06171875 0.0390625 0.0890625
8 0.42890625000000004 0.10859375 0.0203125 0.06406250000000001
8 0.384375 0.19609375 0.028125 0.06406250000000001
8 0.36953125000000003 0.146875 0.0203125 0.0625
8 0.34218750000000003 0.27265625 0.018750000000000003 0.045312500000000006
8 0.35546875 0.2890625 0.0171875 0.0625
8 0.36562500000000003 0.35234375 0.021875000000000002 0.0671875
8 0.35000000000000003 0.38671875 0.015625 0.045312500000000006
8 0.38671875 0.7296875 0.0203125 0.053125000000000006
8 0.41640625000000003 0.7875000000000001 0.029687500000000002 0.07187500000000001
8 0.45703125 0.82578125 0.0421875 0.08281250000000001
8 0.5140625 0.815625 0.040625 0.084375
8 0.56875 0.76875 0.05 0.08125
8 0.59296875 0.8406250000000001 0.0390625 0.09062500000000001
8 0.69140625 0.9031250000000001 0.0734375 0.08750000000000001
8 0.890625 0.7890625 0.11875000000000001 0.18125000000000002