2 0.41250000000000003 0.86875 0.16875 0.15937500000000002
2 0.1390625 0.5906250000000001 0.10312500000000001 0.0625
2 0.1375 0.42734375 0.09062500000000001 0.060937500000000006
3 0.24531250000000002 0.909375 0.059375000000000004 0.08750000000000001
11 0.38046875 0.9867187500000001 0.07968750000000001 0.026562500000000003
11 0.19921875 0.99375 0.051562500000000004 0.0125
2 0.28671875 0.51171875 0.0484375 0.07968750000000001
2 0.47109375000000003 0.5859375 0.0921875 0.043750000000000004
13 0.140625 0.69296875 0.13125 0.1234375
13 0.7562500000000001 0.7367187500000001 0.084375 0.06406250000000001
13 0.79609375 0.5453125 0.13593750000000002 0.15000000000000002
13 0.6742187500000001 0.97265625 0.0671875 0.0546875
13 0.4921875 0.49843750000000003 0.13125 0.084375
7 0.534375 0.47500000000000003 0.040625 0.040625
13 0.24609375 0.44140625 0.0921875 0.0671875
0 0.3296875 0.6859375000000001 0.037500000000000006 0.07187500000000001
7 0.52109375 0.88203125 0.0484375 0.0546875
7 0.8375 0.89375 0.05625 0.084375
8 0.98984375 0.7468750000000001 0.0203125 0.059375000000000004