2 0.22187500000000002 0.38593750000000004 0.084375 0.1375
2 0.24140625000000002 0.53359375 0.07968750000000001 0.13593750000000002
2 0.2734375 0.69140625 0.065625 0.0578125
2 0.3921875 0.6312500000000001 0.06875 0.078125
2 0.33906250000000004 0.4140625 0.037500000000000006 0.046875
2 0.515625 0.47578125000000004 0.053125000000000006 0.051562500000000004
2 0.61328125 0.5593750000000001 0.0921875 0.053125000000000006
2 0.7132812500000001 0.45234375000000004 0.0765625 0.0703125
2 0.9476562500000001 0.5234375 0.08281250000000001 0.05
2 0.9554687500000001 0.75390625 0.08281250000000001 0.0671875
2 0.83515625 0.671875 0.051562500000000004 0.05625
2 0.91171875 0.8625 0.1203125 0.14375000000000002
2 0.72578125 0.72265625 0.060937500000000006 0.0671875
2 0.6039062500000001 0.61484375 0.08281250000000001 0.0671875
2 0.5593750000000001 0.7132812500000001 0.065625 0.1265625
2 0.50234375 0.7875000000000001 0.0546875 0.040625
2 0.43671875000000004 0.8210937500000001 0.0421875 0.045312500000000006
2 0.625 0.9226562500000001 0.12812500000000002 0.1390625
2 0.665625 0.8171875000000001 0.07187500000000001 0.0625