0 0.7109375 0.31796875 0.028125 0.1078125
0 0.7328125000000001 0.4921875 0.065625 0.046875
0 0.59609375 0.49062500000000003 0.060937500000000006 0.037500000000000006
0 0.55625 0.4234375 0.059375000000000004 0.040625
0 0.52890625 0.31875000000000003 0.0421875 0.1125
0 0.49921875000000004 0.24453125 0.045312500000000006 0.035937500000000004
0 0.38984375000000004 0.225 0.0421875 0.037500000000000006
0 0.41640625000000003 0.42031250000000003 0.0390625 0.028125
0 0.3953125 0.46796875000000004 0.034375 0.045312500000000006
0 0.50703125 0.6109375 0.0484375 0.037500000000000006
0 0.5703125 0.6585937500000001 0.028125 0.0578125
0 0.5632812500000001 0.753125 0.0234375 0.05625
0 0.41328125000000004 0.6109375 0.026562500000000003 0.037500000000000006
0 0.34453125 0.68125 0.0421875 0.05625
0 0.2484375 0.58046875 0.021875000000000002 0.0734375
0 0.22812500000000002 0.496875 0.025 0.040625
0 0.15859375 0.53359375 0.0328125 0.045312500000000006
0 0.15156250000000002 0.75546875 0.046875 0.0390625
0 0.29296875 0.775 0.0328125 0.08750000000000001