0 0.33359375 0.5281250000000001 0.051562500000000004 0.037500000000000006
8 0.40078125000000003 0.55703125 0.0546875 0.0421875
8 0.2609375 0.5890625 0.043750000000000004 0.040625
8 0.375 0.6359375 0.053125000000000006 0.037500000000000006
8 0.35781250000000003 0.69296875 0.0625 0.0484375
8 0.58828125 0.546875 0.0421875 0.03125
8 0.603125 0.49609375 0.040625 0.0390625
8 0.6468750000000001 0.7601562500000001 0.040625 0.0234375
8 0.784375 0.7937500000000001 0.046875 0.05
11 0.40078125000000003 0.82578125 0.026562500000000003 0.035937500000000004
8 0.565625 0.45 0.065625 0.034375
8 0.56015625 0.5085937500000001 0.035937500000000004 0.029687500000000002
8 0.5453125 0.5609375 0.015625 0.025
11 0.55703125 0.68515625 0.0234375 0.029687500000000002
8 0.7734375 0.6648437500000001 0.034375 0.026562500000000003
11 0.6375000000000001 0.77890625 0.018750000000000003 0.0171875
0 0.55234375 0.80390625 0.035937500000000004 0.051562500000000004
8 0.12890625 0.5453125 0.0390625 0.021875000000000002
15 0.8500000000000001 0.42578125 0.07187500000000001 0.07968750000000001
15 0.77890625 0.40937500000000004 0.08281250000000001 0.059375000000000004
9 0.33203125 0.76484375 0.0671875 0.0859375