5 0.51953125 0.80625 0.0328125 0.05
5 0.49765625 0.7742187500000001 0.026562500000000003 0.0234375
0 0.47500000000000003 0.7390625000000001 0.021875000000000002 0.021875000000000002
0 0.55859375 0.784375 0.0140625 0.034375
8 0.5703125 0.753125 0.021875000000000002 0.015625
8 0.6351562500000001 0.8453125 0.026562500000000003 0.021875000000000002
11 0.57421875 0.8445312500000001 0.010937500000000001 0.0140625
11 0.64453125 0.8226562500000001 0.0203125 0.0171875
7 0.63828125 0.77890625 0.0078125 0.0203125
7 0.65390625 0.7640625000000001 0.0140625 0.018750000000000003
4 0.60859375 0.7328125000000001 0.0078125 0.018750000000000003
4 0.71796875 0.76875 0.010937500000000001 0.025
3 0.759375 0.77890625 0.0125 0.0203125
3 0.69140625 0.7742187500000001 0.010937500000000001 0.0203125
10 0.7195312500000001 0.73046875 0.029687500000000002 0.026562500000000003
10 0.63984375 0.703125 0.026562500000000003 0.015625
1 0.7054687500000001 0.828125 0.0140625 0.018750000000000003
1 0.77265625 0.8289062500000001 0.0203125 0.0171875
16 0.74140625 0.7976562500000001 0.010937500000000001 0.0328125
16 0.79609375 0.7234375000000001 0.010937500000000001 0.034375