0 0.7273437500000001 0.61328125 0.06406250000000001 0.045312500000000006
0 0.73984375 0.43281250000000004 0.026562500000000003 0.1
0 0.5984375000000001 0.58515625 0.059375000000000004 0.035937500000000004
0 0.56171875 0.40546875000000004 0.0390625 0.11406250000000001
0 0.48125 0.37109375 0.040625 0.035937500000000004
0 0.41640625000000003 0.29296875 0.026562500000000003 0.09531250000000001
0 0.34296875000000004 0.38828125 0.026562500000000003 0.07968750000000001
0 0.43828125 0.484375 0.0390625 0.028125
0 0.40625 0.52578125 0.034375 0.0484375
0 0.3984375 0.6273437500000001 0.040625 0.0390625
0 0.48828125 0.690625 0.0484375 0.034375
0 0.53828125 0.7484375000000001 0.026562500000000003 0.05
0 0.51484375 0.83984375 0.0203125 0.0546875
0 0.31562500000000004 0.7250000000000001 0.043750000000000004 0.040625
0 0.28750000000000003 0.6062500000000001 0.021875000000000002 0.065625
0 0.240625 0.52578125 0.025 0.0390625
0 0.24921875000000002 0.8125 0.0328125 0.084375
0 0.37421875000000004 0.9164062500000001 0.0203125 0.0546875
0 0.57265625 0.51328125 0.0578125 0.0390625
0 0.16562500000000002 0.553125 0.025 0.040625
0 0.1171875 0.76953125 0.046875 0.035937500000000004