8 0.371875 0.1421875 0.10312500000000001 0.06875
8 0.109375 0.3453125 0.043750000000000004 0.05
8 0.18671875000000002 0.6179687500000001 0.08281250000000001 0.0703125
8 0.82734375 0.9390625 0.0859375 0.096875
0 0.53671875 0.7640625000000001 0.045312500000000006 0.08125
0 0.92578125 0.54921875 0.0765625 0.0765625
11 0.8523437500000001 0.1171875 0.0578125 0.043750000000000004
2 0.3375 0.6203125 0.12187500000000001 0.096875
2 0.20859375000000002 0.66328125 0.07968750000000001 0.051562500000000004
2 0.37343750000000003 0.27578125000000003 0.134375 0.1296875
2 0.32656250000000003 0.915625 0.171875 0.1375
2 0.596875 0.703125 0.1125 0.08125
2 0.9671875000000001 0.3171875 0.065625 0.05625
13 0.85859375 0.36250000000000004 0.07968750000000001 0.16875
13 0.603125 0.1421875 0.07500000000000001 0.109375
13 0.8187500000000001 0.0625 0.043750000000000004 0.07500000000000001
13 0.9148437500000001 0.0390625 0.1609375 0.078125
15 0.25078125 0.09921875000000001 0.30781250000000004 0.19843750000000002
7 0.4296875 0.86875 0.043750000000000004 0.065625
7 0.49609375 0.4 0.0546875 0.053125000000000006
8 0.603125 0.30390625000000004 0.06875 0.0390625
8 0.53515625 0.40937500000000004 0.0421875 0.0625
8 0.5625 0.43046875 0.043750000000000004 0.0484375
8 0.534375 0.5328125 0.040625 0.0625