2 0.51875 0.44765625000000003 0.1375 0.3046875
2 0.17890625000000002 0.7664062500000001 0.1234375 0.0671875
2 0.35859375000000004 0.68515625 0.0671875 0.0484375
13 0.34453125 0.5546875 0.1171875 0.09062500000000001
2 0.2015625 0.5453125 0.10312500000000001 0.065625
0 0.06953125 0.5265625 0.0203125 0.065625
0 0.23203125000000002 0.58046875 0.0703125 0.0421875
0 0.6101562500000001 0.9484375 0.045312500000000006 0.084375
8 0.057031250000000006 0.6273437500000001 0.045312500000000006 0.0328125
13 0.665625 0.640625 0.171875 0.08750000000000001
2 0.6109375 0.7445312500000001 0.12187500000000001 0.0421875
7 0.7250000000000001 0.6039062500000001 0.053125000000000006 0.0484375