7 0.5734375 0.3765625 0.034375 0.03125
4 0.7046875 0.42734375 0.018750000000000003 0.035937500000000004
8 0.81953125 0.46796875000000004 0.0578125 0.026562500000000003
0 0.85859375 0.55390625 0.026562500000000003 0.0859375
5 0.9695312500000001 0.60703125 0.060937500000000006 0.1296875
0 0.940625 0.36875 0.03125 0.10625000000000001
10 0.5859375 0.47500000000000003 0.053125000000000006 0.046875
7 0.6359375 0.565625 0.0125 0.046875
8 0.66328125 0.6375000000000001 0.0671875 0.043750000000000004
11 0.8304687500000001 0.721875 0.026562500000000003 0.03125
11 0.72578125 0.7937500000000001 0.035937500000000004 0.05
2 0.4234375 0.4734375 0.08125 0.07500000000000001
10 0.37734375000000003 0.38828125 0.0890625 0.0484375
2 0.18906250000000002 0.596875 0.078125 0.084375
16 0.203125 0.47421875 0.018750000000000003 0.0921875
3 0.2671875 0.6257812500000001 0.037500000000000006 0.035937500000000004
16 0.3640625 0.6492187500000001 0.015625 0.0765625
4 0.4140625 0.565625 0.021875000000000002 0.05625
3 0.48671875000000003 0.5710937500000001 0.0203125 0.0484375
1 0.465625 0.7195312500000001 0.037500000000000006 0.0328125
1 0.28984375 0.7421875 0.051562500000000004 0.018750000000000003