8 0.36796875 0.18671875000000002 0.11406250000000001 0.1765625
8 0.33359375 0.48984375 0.0765625 0.18906250000000002
8 0.22812500000000002 0.5398437500000001 0.115625 0.1640625
8 0.45078125 0.6859375000000001 0.1015625 0.15625
8 0.34296875000000004 0.8359375 0.0890625 0.11875000000000001
8 0.46718750000000003 0.5265625 0.078125 0.115625
8 0.55703125 0.58046875 0.0546875 0.0859375
8 0.54296875 0.4578125 0.0421875 0.084375
8 0.56484375 0.4765625 0.0421875 0.1
8 0.6117187500000001 0.46406250000000004 0.0484375 0.07500000000000001
8 0.56953125 0.23671875 0.0765625 0.1484375
8 0.62109375 0.14453125 0.0546875 0.11093750000000001
8 0.7562500000000001 0.12421875 0.040625 0.07968750000000001
8 0.796875 0.24531250000000002 0.046875 0.065625
8 0.8015625000000001 0.30625 0.037500000000000006 0.07500000000000001
8 0.7312500000000001 0.2828125 0.0625 0.07187500000000001
8 0.6804687500000001 0.37890625 0.0546875 0.1078125
8 0.70625 0.42734375 0.053125000000000006 0.09843750000000001
8 0.7828125 0.43125 0.034375 0.05