13 0.85859375 0.171875 0.11093750000000001 0.065625
13 0.39375000000000004 0.2828125 0.043750000000000004 0.037500000000000006
13 0.66328125 0.20234375000000002 0.0421875 0.0328125
13 0.7078125000000001 0.16562500000000002 0.053125000000000006 0.025
13 0.68125 0.146875 0.028125 0.03125
13 0.64375 0.15078125 0.053125000000000006 0.0421875
13 0.40468750000000003 0.22265625 0.025 0.0171875
13 0.84140625 0.1078125 0.0234375 0.028125
7 0.02890625 0.6195312500000001 0.035937500000000004 0.045312500000000006
7 0.21796875000000002 0.4921875 0.0390625 0.05
7 0.3984375 0.38906250000000003 0.043750000000000004 0.043750000000000004
7 0.38671875 0.3640625 0.026562500000000003 0.025
7 0.5078125 0.36953125000000003 0.03125 0.0328125
7 0.6109375 0.41328125000000004 0.046875 0.026562500000000003
7 0.70078125 0.42500000000000004 0.0578125 0.059375000000000004
7 0.49609375 0.5320312500000001 0.045312500000000006 0.060937500000000006
7 0.3015625 0.5609375 0.043750000000000004 0.059375000000000004
7 0.68515625 0.584375 0.0484375 0.043750000000000004