15 0.015625 0.415625 0.028125 0.037500000000000006
15 0.721875 0.2015625 0.15000000000000002 0.06875
15 0.6179687500000001 0.97421875 0.1296875 0.051562500000000004
13 0.6625000000000001 0.8453125 0.07500000000000001 0.13125
13 0.22578125000000002 0.33828125000000003 0.0546875 0.0671875
13 0.35859375000000004 0.3171875 0.0578125 0.034375
13 0.45156250000000003 0.28750000000000003 0.053125000000000006 0.037500000000000006
13 0.52734375 0.4 0.0578125 0.0625
16 0.5867187500000001 0.24140625000000002 0.0328125 0.0234375
8 0.13593750000000002 0.62109375 0.034375 0.026562500000000003
8 0.07421875 0.5734375 0.026562500000000003 0.025
8 0.06328125 0.525 0.035937500000000004 0.03125
8 0.08671875000000001 0.4625 0.035937500000000004 0.025
8 0.115625 0.43125 0.037500000000000006 0.025
8 0.12265625000000001 0.49296875 0.0421875 0.029687500000000002
7 0.7195312500000001 0.8148437500000001 0.026562500000000003 0.026562500000000003
7 0.38203125000000004 0.48203125 0.0203125 0.0203125
7 0.63671875 0.58203125 0.010937500000000001 0.029687500000000002
7 0.7289062500000001 0.26640625 0.0140625 0.026562500000000003
7 0.240625 0.4921875 0.025 0.040625
7 0.33671875 0.309375 0.0234375 0.021875000000000002
0 0.38203125000000004 0.42109375000000004 0.0203125 0.0328125
0 0.44453125000000004 0.39375000000000004 0.0171875 0.037500000000000006
0 0.7015625000000001 0.28203125 0.021875000000000002 0.0234375
0 0.65546875 0.24375000000000002 0.026562500000000003 0.018750000000000003
0 0.5703125 0.38984375000000004 0.015625 0.035937500000000004
0 0.790625 0.7953125000000001 0.025 0.034375
0 0.765625 0.5828125000000001 0.018750000000000003 0.03125
4 0.76328125 0.5421875 0.0234375 0.034375
4 0.6390625000000001 0.54609375 0.015625 0.0328125
4 0.6218750000000001 0.51875 0.025 0.025
3 0.5046875000000001 0.4921875 0.025 0.037500000000000006
7 0.42734375 0.609375 0.0234375 0.034375
11 0.45390625 0.54140625 0.035937500000000004 0.035937500000000004
11 0.53125 0.5359375000000001 0.025 0.028125
11 0.57578125 0.50390625 0.0140625 0.0234375
11 0.60078125 0.44140625 0.0171875 0.026562500000000003
13 0.2515625 0.41875 0.03125 0.028125
2 0.37734375000000003 0.353125 0.045312500000000006 0.018750000000000003
2 0.45156250000000003 0.32890625 0.037500000000000006 0.0203125
2 0.52265625 0.353125 0.0484375 0.028125
2 0.50625 0.28515625 0.040625 0.029687500000000002
2 0.58515625 0.31015625 0.035937500000000004 0.029687500000000002
2 0.61484375 0.30312500000000003 0.029687500000000002 0.018750000000000003
2 0.6468750000000001 0.27890625 0.034375 0.0234375
2 0.6664062500000001 0.31796875 0.029687500000000002 0.0234375
2 0.6531250000000001 0.35234375 0.03125 0.0234375
2 0.609375 0.35078125000000004 0.037500000000000006 0.0421875
2 0.6273437500000001 0.390625 0.0484375 0.03125
2 0.6765625000000001 0.403125 0.043750000000000004 0.03125
2 0.71796875 0.36796875 0.0390625 0.035937500000000004
2 0.7664062500000001 0.4421875 0.035937500000000004 0.043750000000000004
2 0.80859375 0.478125 0.0578125 0.034375
2 0.7015625000000001 0.46640625 0.037500000000000006 0.035937500000000004
2 0.6648437500000001 0.44140625 0.0328125 0.0234375
2 0.66171875 0.5140625 0.051562500000000004 0.046875
2 0.5640625 0.45625000000000004 0.046875 0.053125000000000006
2 0.42812500000000003 0.47968750000000004 0.065625 0.065625
13 0.31953125000000004 0.5281250000000001 0.029687500000000002 0.034375
0 0.38046875 0.5710937500000001 0.029687500000000002 0.0328125
5 0.5085937500000001 0.65390625 0.035937500000000004 0.0421875
5 0.36171875000000003 0.675 0.051562500000000004 0.05
5 0.3296875 0.7078125000000001 0.03125 0.043750000000000004
5 0.39375000000000004 0.7875000000000001 0.040625 0.0625
5 0.415625 0.8226562500000001 0.040625 0.0484375
5 0.434375 0.7289062500000001 0.034375 0.0671875
5 0.50234375 0.7015625000000001 0.0390625 0.053125000000000006
7 0.1796875 0.5945312500000001 0.009375000000000001 0.0328125
5 0.5906250000000001 0.59375 0.025 0.053125000000000006
5 0.78515625 0.9007812500000001 0.2078125 0.19843750000000002