6 0.32890625 0.6765625000000001 0.026562500000000003 0.034375
6 0.43828125 0.6984375 0.0234375 0.034375
6 0.50703125 0.628125 0.0140625 0.025
14 0.6140625000000001 0.6687500000000001 0.10625000000000001 0.096875
14 0.7671875 0.540625 0.078125 0.084375
11 0.62265625 0.54140625 0.029687500000000002 0.0484375
11 0.640625 0.434375 0.037500000000000006 0.037500000000000006
11 0.734375 0.3453125 0.037500000000000006 0.040625
11 0.6515625 0.3328125 0.015625 0.015625
11 0.59296875 0.28984375 0.0203125 0.0328125
11 0.53671875 0.27734375 0.0203125 0.0203125
11 0.45390625 0.2671875 0.029687500000000002 0.025
11 0.36640625000000004 0.32890625 0.029687500000000002 0.029687500000000002
11 0.465625 0.3765625 0.03125 0.043750000000000004
11 0.51953125 0.45937500000000003 0.0234375 0.034375
11 0.37343750000000003 0.52890625 0.037500000000000006 0.0390625
11 0.31484375000000003 0.3921875 0.0328125 0.037500000000000006
11 0.23593750000000002 0.5984375000000001 0.028125 0.040625
11 0.08984375 0.57265625 0.026562500000000003 0.0390625
11 0.23203125000000002 0.42812500000000003 0.0234375 0.034375