4 0.20859375000000002 0.07578125000000001 0.0890625 0.15156250000000002
11 0.31796875 0.09843750000000001 0.09843750000000001 0.140625
8 0.31484375000000003 0.0125 0.07968750000000001 0.025
8 0.8625 0.2625 0.184375 0.25
2 0.7703125000000001 0.60546875 0.28125 0.4453125
7 0.5328125 0.9078125 0.109375 0.15625
7 0.05625 0.55859375 0.1125 0.2078125
8 0.18984375 0.8703125 0.1015625 0.146875
8 0.29609375 0.6414062500000001 0.09531250000000001 0.1328125
8 0.44062500000000004 0.39140625 0.096875 0.1234375
8 0.4078125 0.6820312500000001 0.078125 0.11406250000000001
8 0.44140625 0.9500000000000001 0.08281250000000001 0.07500000000000001
8 0.48515625 0.6171875 0.0921875 0.09375