0 0.7507812500000001 0.37343750000000003 0.045312500000000006 0.109375
0 0.7171875000000001 0.54921875 0.07187500000000001 0.0578125
0 0.5890625 0.50625 0.0625 0.046875
0 0.57421875 0.42890625000000004 0.06406250000000001 0.051562500000000004
0 0.58046875 0.31953125000000004 0.060937500000000006 0.1171875
0 0.57578125 0.23828125 0.0484375 0.0421875
0 0.48046875 0.1859375 0.0484375 0.046875
0 0.44453125000000004 0.38359375 0.0421875 0.0328125
0 0.40937500000000004 0.42421875000000003 0.040625 0.0484375
0 0.46796875000000004 0.59609375 0.051562500000000004 0.045312500000000006
0 0.5125000000000001 0.66171875 0.037500000000000006 0.060937500000000006
0 0.4765625 0.7515625 0.03125 0.059375000000000004
0 0.38125000000000003 0.5671875000000001 0.03125 0.040625
0 0.29375 0.61484375 0.05 0.06406250000000001
0 0.23750000000000002 0.48750000000000004 0.034375 0.07500000000000001
0 0.24453125 0.40078125000000003 0.029687500000000002 0.045312500000000006
0 0.16796875 0.41484375 0.0390625 0.051562500000000004
0 0.09140625000000001 0.628125 0.051562500000000004 0.046875
0 0.2171875 0.690625 0.046875 0.09062500000000001