0 0.27265625 0.30625 0.0328125 0.10625000000000001
0 0.45703125 0.29453125 0.0484375 0.11406250000000001
0 0.48984375 0.2109375 0.0484375 0.040625
0 0.60078125 0.17578125 0.0484375 0.035937500000000004
0 0.67734375 0.28750000000000003 0.035937500000000004 0.08125
0 0.56171875 0.37812500000000004 0.0421875 0.040625
0 0.58125 0.42421875000000003 0.037500000000000006 0.0421875
0 0.67734375 0.5164062500000001 0.0203125 0.0578125
0 0.7468750000000001 0.42734375 0.028125 0.0390625
0 0.8171875000000001 0.46171875 0.028125 0.0484375
0 0.8093750000000001 0.6804687500000001 0.046875 0.0390625
0 0.67109375 0.71875 0.0390625 0.084375
0 0.6257812500000001 0.628125 0.035937500000000004 0.046875
0 0.5554687500000001 0.56484375 0.0328125 0.0390625
0 0.46406250000000004 0.5789062500000001 0.053125000000000006 0.0328125
0 0.39609375 0.6351562500000001 0.0328125 0.0546875
0 0.40234375 0.7273437500000001 0.026562500000000003 0.0546875
0 0.5242187500000001 0.8125 0.026562500000000003 0.059375000000000004
0 0.2421875 0.48750000000000004 0.06875 0.046875
0 0.37812500000000004 0.4703125 0.0625 0.040625
0 0.42421875000000003 0.4 0.06406250000000001 0.046875