15 0.45390625 0.20390625 0.37031250000000004 0.38906250000000003
7 0.11015625000000001 0.010937500000000001 0.0390625 0.021875000000000002
0 0.584375 0.42734375 0.125 0.1328125
0 0.7375 0.63984375 0.08750000000000001 0.11093750000000001
0 0.7078125000000001 0.67890625 0.07187500000000001 0.0765625
0 0.89375 0.91171875 0.096875 0.08281250000000001
2 0.37343750000000003 0.5921875 0.2 0.18125000000000002
2 0.11953125 0.74375 0.15156250000000002 0.16875
4 0.54296875 0.7640625000000001 0.0703125 0.09375
2 0.05078125 0.6781250000000001 0.035937500000000004 0.09062500000000001
8 0.41250000000000003 0.4140625 0.15000000000000002 0.153125
8 0.50546875 0.87890625 0.0765625 0.0734375
8 0.39296875000000003 0.8851562500000001 0.06406250000000001 0.06406250000000001
8 0.4578125 0.9437500000000001 0.053125000000000006 0.05625
8 0.40390625 0.9398437500000001 0.06406250000000001 0.051562500000000004
8 0.7671875 0.7468750000000001 0.10625000000000001 0.109375
8 0.046875 0.6312500000000001 0.03125 0.08750000000000001
11 0.5734375 0.85703125 0.08125 0.1078125
13 0.6273437500000001 0.73828125 0.1953125 0.22031250000000002