5 0.68359375 0.6140625000000001 0.0390625 0.043750000000000004
5 0.46796875000000004 0.53671875 0.051562500000000004 0.0703125
5 0.43671875000000004 0.47890625000000003 0.026562500000000003 0.0484375
5 0.51171875 0.37578125 0.0203125 0.0328125
5 0.51875 0.42578125 0.040625 0.0203125
5 0.53828125 0.4859375 0.051562500000000004 0.03125
5 0.6218750000000001 0.53046875 0.043750000000000004 0.029687500000000002
5 0.59296875 0.46328125000000003 0.045312500000000006 0.029687500000000002
5 0.609375 0.39609375 0.018750000000000003 0.0328125
5 0.6429687500000001 0.42031250000000003 0.029687500000000002 0.040625
5 0.67734375 0.48046875 0.051562500000000004 0.029687500000000002
5 0.6984375 0.51171875 0.037500000000000006 0.029687500000000002
5 0.56015625 0.59765625 0.0578125 0.026562500000000003
4 0.5453125 0.51796875 0.00625 0.0328125
5 0.32343750000000004 0.52109375 0.053125000000000006 0.0734375
4 0.39453125 0.5359375000000001 0.0140625 0.018750000000000003
4 0.44843750000000004 0.44062500000000004 0.0125 0.015625
4 0.4546875 0.6453125000000001 0.015625 0.018750000000000003
4 0.5359375000000001 0.66015625 0.0125 0.035937500000000004