7 0.032031250000000004 0.69296875 0.035937500000000004 0.0546875
7 0.28984375 0.52265625 0.0328125 0.051562500000000004
7 0.10859375 0.5234375 0.0328125 0.037500000000000006
13 0.325 0.32265625000000003 0.078125 0.0765625
13 0.15781250000000002 0.30703125000000003 0.08750000000000001 0.045312500000000006
13 0.68359375 0.27578125000000003 0.1046875 0.11093750000000001
13 0.72265625 0.30312500000000003 0.0484375 0.037500000000000006
13 0.7828125 0.43671875000000004 0.08750000000000001 0.1203125
13 0.037500000000000006 0.27187500000000003 0.053125000000000006 0.05
2 0.04609375 0.5203125000000001 0.0921875 0.09062500000000001
8 0.690625 0.6546875000000001 0.040625 0.043750000000000004
8 0.59765625 0.58125 0.0421875 0.040625
8 0.4890625 0.61484375 0.040625 0.029687500000000002
8 0.50546875 0.54921875 0.045312500000000006 0.0484375
8 0.48125 0.47890625000000003 0.053125000000000006 0.0484375
8 0.43593750000000003 0.5140625 0.053125000000000006 0.043750000000000004
8 0.41875 0.44296875 0.040625 0.0421875
8 0.40937500000000004 0.67578125 0.05 0.0546875
2 0.12421875 0.35468750000000004 0.060937500000000006 0.034375
0 0.1015625 0.640625 0.037500000000000006 0.040625
13 0.1796875 0.57578125 0.040625 0.045312500000000006
13 0.26484375 0.43671875000000004 0.0546875 0.035937500000000004
15 0.65546875 0.42578125 0.2078125 0.1171875
2 0.6125 0.5015625 0.053125000000000006 0.05
0 0.109375 0.44609375 0.03125 0.0484375
0 0.02421875 0.41250000000000003 0.0234375 0.040625
2 0.025781250000000002 0.32734375000000004 0.045312500000000006 0.0328125
5 0.017968750000000002 0.8523437500000001 0.035937500000000004 0.0921875
5 0.05859375 0.9171875 0.060937500000000006 0.07187500000000001
5 0.11328125 0.7734375 0.0734375 0.07500000000000001
5 0.153125 0.8031250000000001 0.046875 0.059375000000000004
15 0.90234375 0.5125000000000001 0.1453125 0.084375