0 0.20625000000000002 0.34921875 0.028125 0.0671875
0 0.12890625 0.37031250000000004 0.029687500000000002 0.07187500000000001
0 0.18125000000000002 0.465625 0.043750000000000004 0.037500000000000006
0 0.21250000000000002 0.44453125000000004 0.053125000000000006 0.029687500000000002
0 0.3046875 0.47890625000000003 0.018750000000000003 0.0484375
0 0.31328125 0.4234375 0.029687500000000002 0.06875
0 0.26796875000000003 0.38828125 0.0140625 0.0234375
0 0.39609375 0.35468750000000004 0.0234375 0.028125
0 0.46718750000000003 0.40625 0.043750000000000004 0.03125
0 0.41015625 0.45156250000000003 0.0234375 0.059375000000000004
0 0.30390625000000004 0.53828125 0.0234375 0.0546875
0 0.2546875 0.5554687500000001 0.025 0.026562500000000003
0 0.22734375 0.56484375 0.026562500000000003 0.0671875
0 0.45625000000000004 0.534375 0.021875000000000002 0.040625
0 0.55234375 0.49296875 0.0234375 0.0234375
0 0.671875 0.5437500000000001 0.028125 0.025
0 0.6726562500000001 0.56640625 0.0390625 0.0234375
0 0.67109375 0.5710937500000001 0.0328125 0.0234375
0 0.43281250000000004 0.628125 0.025 0.059375000000000004
0 0.36171875000000003 0.66796875 0.0390625 0.045312500000000006
0 0.31640625 0.728125 0.0234375 0.037500000000000006