8 0.6468750000000001 0.31484375000000003 0.08125 0.0671875
0 0.7609375 0.3765625 0.05625 0.07500000000000001
8 0.40703125 0.0078125 0.0484375 0.015625
9 0.5007812500000001 0.030468750000000003 0.07968750000000001 0.060937500000000006
2 0.4421875 0.025781250000000002 0.08750000000000001 0.051562500000000004
2 0.4234375 0.047656250000000004 0.109375 0.08281250000000001
8 0.40937500000000004 0.1875 0.084375 0.07187500000000001
11 0.67734375 0.16796875 0.0484375 0.045312500000000006
7 0.7445312500000001 0.03671875 0.060937500000000006 0.0734375
2 0.9710937500000001 0.03671875 0.0578125 0.0734375
8 0.35468750000000004 0.3796875 0.078125 0.07500000000000001
8 0.38984375000000004 0.4421875 0.1015625 0.08750000000000001
8 0.47187500000000004 0.40156250000000004 0.07187500000000001 0.0625
9 0.3671875 0.54453125 0.07500000000000001 0.0921875
8 0.4265625 0.70078125 0.07500000000000001 0.07968750000000001
9 0.5859375 0.83203125 0.1125 0.1234375
9 0.93671875 0.81953125 0.1171875 0.13593750000000002
9 0.98046875 0.41328125000000004 0.0390625 0.1265625
2 0.15546875000000002 0.16171875000000002 0.0859375 0.1078125
9 0.246875 0.5867187500000001 0.078125 0.07968750000000001
9 0.48046875 0.16796875 0.0578125 0.0765625