2 0.3296875 0.63984375 0.078125 0.060937500000000006
2 0.39296875000000003 0.7296875 0.0578125 0.05
2 0.40937500000000004 0.67109375 0.053125000000000006 0.0765625
2 0.43359375 0.7429687500000001 0.0546875 0.06406250000000001
2 0.5164062500000001 0.86328125 0.1171875 0.1234375
2 0.5828125000000001 0.79453125 0.07187500000000001 0.0703125
2 0.6492187500000001 0.7679687500000001 0.0671875 0.0859375
2 0.6515625 0.5796875 0.05625 0.065625
2 0.7609375 0.6882812500000001 0.043750000000000004 0.0578125
2 0.89765625 0.5578125 0.0578125 0.053125000000000006
2 0.7671875 0.8828125 0.115625 0.146875
2 0.59765625 0.55703125 0.060937500000000006 0.0921875
13 0.6664062500000001 0.65234375 0.07968750000000001 0.1703125