8 0.8546875 0.59296875 0.05625 0.0390625
8 0.70703125 0.5593750000000001 0.029687500000000002 0.037500000000000006
8 0.6546875000000001 0.56875 0.021875000000000002 0.025
8 0.7601562500000001 0.6570312500000001 0.045312500000000006 0.0578125
8 0.84140625 0.69296875 0.035937500000000004 0.0421875
8 0.88828125 0.76328125 0.0328125 0.029687500000000002
8 0.515625 0.52109375 0.05 0.026562500000000003
8 0.59140625 0.6195312500000001 0.035937500000000004 0.0390625
8 0.6726562500000001 0.6218750000000001 0.0421875 0.028125
8 0.7039062500000001 0.78125 0.0390625 0.034375
8 0.6265625 0.703125 0.053125000000000006 0.025
8 0.48359375000000004 0.665625 0.051562500000000004 0.028125
8 0.47734375 0.6062500000000001 0.0328125 0.037500000000000006
8 0.45937500000000003 0.56484375 0.034375 0.0328125
8 0.4921875 0.5890625 0.040625 0.018750000000000003
8 0.40546875000000004 0.5085937500000001 0.051562500000000004 0.06406250000000001
8 0.2234375 0.60703125 0.046875 0.0328125
8 0.353125 0.6484375 0.028125 0.05
8 0.325 0.62890625 0.053125000000000006 0.029687500000000002
8 0.26640625 0.6671875 0.035937500000000004 0.034375
8 0.28984375 0.7250000000000001 0.051562500000000004 0.05625
8 0.26796875000000003 0.79453125 0.045312500000000006 0.0421875
8 0.29765625 0.84921875 0.0421875 0.0421875
8 0.29375 0.890625 0.043750000000000004 0.040625
8 0.20468750000000002 0.76328125 0.025 0.0484375
8 0.17109375000000002 0.6507812500000001 0.035937500000000004 0.051562500000000004
8 0.10859375 0.70625 0.029687500000000002 0.05
8 0.178125 0.82421875 0.021875000000000002 0.0328125
8 0.09765625 0.91953125 0.0421875 0.035937500000000004
8 0.41015625 0.6937500000000001 0.029687500000000002 0.025
8 0.45234375000000004 0.7156250000000001 0.0390625 0.034375
8 0.45234375000000004 0.78125 0.0234375 0.037500000000000006
8 0.51796875 0.82578125 0.035937500000000004 0.0421875
8 0.540625 0.87890625 0.03125 0.0328125
8 0.39765625000000004 0.8523437500000001 0.051562500000000004 0.026562500000000003
8 0.353125 0.83125 0.037500000000000006 0.018750000000000003
8 0.390625 0.9359375000000001 0.034375 0.034375
8 0.39765625000000004 0.7562500000000001 0.0171875 0.059375000000000004