15 0.0328125 0.41875 0.065625 0.1625
13 0.375 0.6117187500000001 0.19687500000000002 0.1640625
13 0.80859375 0.60703125 0.20468750000000002 0.1453125
13 0.09609375 0.8015625000000001 0.09531250000000001 0.12812500000000002
8 0.33046875000000003 0.8296875 0.07968750000000001 0.037500000000000006
8 0.45859375 0.7429687500000001 0.0734375 0.051562500000000004
8 0.540625 0.8703125 0.07187500000000001 0.059375000000000004
8 0.39609375 0.86484375 0.060937500000000006 0.045312500000000006
8 0.22578125000000002 0.95625 0.0578125 0.05
8 0.265625 0.978125 0.05625 0.043750000000000004
8 0.9703125 0.6984375 0.059375000000000004 0.03125
8 0.50546875 0.46328125000000003 0.1234375 0.045312500000000006
0 0.4140625 0.4765625 0.0625 0.084375
0 0.42890625000000004 0.421875 0.0890625 0.046875
0 0.71484375 0.44062500000000004 0.09531250000000001 0.05
8 0.040625 0.6140625000000001 0.08125 0.078125
2 0.8875000000000001 0.86640625 0.1625 0.0703125
4 0.9734375000000001 0.628125 0.053125000000000006 0.096875
0 0.9578125000000001 0.5234375 0.084375 0.053125000000000006
11 0.6843750000000001 0.6390625000000001 0.046875 0.0625
4 0.7250000000000001 0.5046875000000001 0.084375 0.05625