13 0.640625 0.8046875 0.034375 0.03125
13 0.55 0.7664062500000001 0.028125 0.026562500000000003
5 0.6000000000000001 0.86484375 0.025 0.035937500000000004
5 0.44609375 0.82421875 0.0171875 0.0171875
5 0.44921875 0.7984375 0.0140625 0.015625
15 0.38046875 0.7796875000000001 0.0390625 0.040625
15 0.33828125000000003 0.8046875 0.0328125 0.08125
8 0.38671875 0.89453125 0.0203125 0.0140625
8 0.4390625 0.9078125 0.018750000000000003 0.021875000000000002
8 0.48046875 0.8546875 0.0203125 0.0125
8 0.48750000000000004 0.8367187500000001 0.018750000000000003 0.0171875
8 0.5015625 0.8515625 0.015625 0.018750000000000003
8 0.48515625 0.8851562500000001 0.0140625 0.010937500000000001
8 0.45390625 0.8546875 0.0140625 0.015625
8 0.48359375000000004 0.8031250000000001 0.0171875 0.0125
8 0.48984375 0.7875000000000001 0.0140625 0.0125
8 0.47187500000000004 0.78515625 0.015625 0.0171875
8 0.515625 0.76328125 0.0125 0.0140625
8 0.6015625 0.7953125000000001 0.015625 0.018750000000000003
8 0.58203125 0.8406250000000001 0.0203125 0.021875000000000002
8 0.49921875000000004 0.8031250000000001 0.0078125 0.015625
8 0.45 0.77890625 0.009375000000000001 0.010937500000000001
8 0.4109375 0.8609375 0.015625 0.015625
8 0.43046875 0.8562500000000001 0.0171875 0.021875000000000002
8 0.44062500000000004 0.8382812500000001 0.018750000000000003 0.0171875
8 0.42265625 0.828125 0.010937500000000001 0.0125
8 0.39765625000000004 0.90625 0.0140625 0.015625
0 0.56953125 0.7781250000000001 0.0203125 0.018750000000000003
8 0.6453125000000001 0.77265625 0.0125 0.010937500000000001
0 0.5234375 0.89609375 0.015625 0.0203125
2 0.47968750000000004 0.7664062500000001 0.025 0.0171875