2 0.8914062500000001 0.68125 0.0859375 0.096875
2 0.6648437500000001 0.5320312500000001 0.08281250000000001 0.08281250000000001
5 0.10546875 0.6000000000000001 0.0890625 0.1375
5 0.059375000000000004 0.49062500000000003 0.078125 0.059375000000000004
5 0.4859375 0.9421875000000001 0.059375000000000004 0.06875
11 0.3359375 0.8125 0.037500000000000006 0.053125000000000006
11 0.23984375000000002 0.7312500000000001 0.029687500000000002 0.034375
1 0.7742187500000001 0.8140625 0.051562500000000004 0.025
1 0.60078125 0.7703125000000001 0.0390625 0.040625
8 0.41171875 0.665625 0.0703125 0.053125000000000006
8 0.27421875 0.47890625000000003 0.0546875 0.0328125
7 0.4453125 0.596875 0.015625 0.05
7 0.5265625 0.41484375 0.03125 0.029687500000000002
16 0.88828125 0.55703125 0.029687500000000002 0.09531250000000001
16 0.7078125000000001 0.7140625 0.021875000000000002 0.07187500000000001
3 0.80859375 0.70234375 0.0390625 0.0390625
4 0.665625 0.62265625 0.021875000000000002 0.0578125
3 0.5945312500000001 0.6195312500000001 0.0234375 0.0546875
4 0.390625 0.45234375000000004 0.018750000000000003 0.035937500000000004
10 0.50625 0.51171875 0.05625 0.051562500000000004
10 0.7093750000000001 0.45703125 0.09062500000000001 0.060937500000000006
0 0.2265625 0.56015625 0.03125 0.0890625
0 0.16562500000000002 0.36953125000000003 0.034375 0.1078125