13 0.80859375 0.22578125000000002 0.0421875 0.08281250000000001
13 0.8828125 0.44765625000000003 0.015625 0.035937500000000004
13 0.8382812500000001 0.44843750000000004 0.0171875 0.059375000000000004
13 0.8125 0.41250000000000003 0.018750000000000003 0.07500000000000001
13 0.8250000000000001 0.38593750000000004 0.018750000000000003 0.08750000000000001
7 0.62890625 0.45859375 0.0234375 0.035937500000000004
7 0.47578125000000004 0.47968750000000004 0.0328125 0.07500000000000001
7 0.6453125000000001 0.56640625 0.043750000000000004 0.0390625
7 0.5578125 0.6125 0.05 0.028125
7 0.57421875 0.78046875 0.0328125 0.035937500000000004
7 0.31796875 0.31015625 0.029687500000000002 0.0890625
7 0.48046875 0.24531250000000002 0.0546875 0.043750000000000004
7 0.596875 0.18984375 0.046875 0.051562500000000004
7 0.634375 0.2765625 0.034375 0.03125
7 0.6062500000000001 0.07734375 0.028125 0.0390625
13 0.85703125 0.06640625 0.0171875 0.0484375
13 0.76875 0.035937500000000004 0.028125 0.05