0 0.48984375 0.48828125 0.035937500000000004 0.0734375
0 0.38828125 0.36562500000000003 0.0390625 0.10625000000000001
0 0.43046875 0.2671875 0.060937500000000006 0.059375000000000004
0 0.31093750000000003 0.20703125 0.034375 0.051562500000000004
0 0.2171875 0.20234375000000002 0.078125 0.0765625
0 0.18046875 0.3125 0.0234375 0.040625
0 0.25390625 0.35468750000000004 0.045312500000000006 0.12187500000000001
0 0.275 0.453125 0.03125 0.08750000000000001
0 0.1328125 0.44375000000000003 0.06875 0.05625
0 0.08359375000000001 0.26796875000000003 0.045312500000000006 0.1171875
0 0.06484375 0.5281250000000001 0.08281250000000001 0.065625
0 0.2328125 0.6273437500000001 0.043750000000000004 0.1171875
0 0.259375 0.6015625 0.037500000000000006 0.05
0 0.30781250000000004 0.55390625 0.037500000000000006 0.09843750000000001
0 0.515625 0.65625 0.040625 0.10625000000000001
0 0.45390625 0.753125 0.0578125 0.084375
0 0.43281250000000004 0.8703125 0.037500000000000006 0.06875
0 0.7562500000000001 0.42421875000000003 0.040625 0.045312500000000006
0 0.7640625000000001 0.55078125 0.034375 0.045312500000000006