5 0.5140625 0.37109375 0.065625 0.0578125
5 0.43984375000000003 0.34296875000000004 0.060937500000000006 0.0578125
5 0.41484375 0.23984375000000002 0.0703125 0.09843750000000001
5 0.296875 0.278125 0.05625 0.05625
5 0.38984375000000004 0.11406250000000001 0.07968750000000001 0.0625
5 0.45703125 0.07187500000000001 0.0671875 0.05
5 0.37265625 0.03671875 0.060937500000000006 0.0421875
5 0.6726562500000001 0.2671875 0.0578125 0.059375000000000004
5 0.546875 0.0890625 0.043750000000000004 0.07500000000000001
5 0.4859375 0.14609375 0.0625 0.1171875
5 0.44765625000000003 0.12421875 0.029687500000000002 0.0328125
0 0.38125000000000003 0.20234375000000002 0.034375 0.035937500000000004
10 0.05859375 0.5296875 0.0890625 0.153125
15 0.38046875 0.6375000000000001 0.2390625 0.19375
15 0.19687500000000002 0.032031250000000004 0.171875 0.06406250000000001
15 0.9710937500000001 0.22890625 0.0578125 0.0765625
13 0.48828125 0.00703125 0.0484375 0.0140625
1 0.56796875 0.17109375000000002 0.026562500000000003 0.026562500000000003
1 0.5390625 0.21484375 0.021875000000000002 0.029687500000000002
1 0.58125 0.23671875 0.037500000000000006 0.0234375
1 0.6414062500000001 0.1640625 0.0203125 0.034375
1 0.6875 0.11093750000000001 0.025 0.028125
1 0.66953125 0.20468750000000002 0.0203125 0.028125
16 0.6671875 0.16640625 0.018750000000000003 0.0328125
16 0.65234375 0.13359375 0.0234375 0.0203125
16 0.59765625 0.0890625 0.029687500000000002 0.025
15 0.032031250000000004 0.65546875 0.029687500000000002 0.1078125
15 0.0921875 0.3796875 0.109375 0.10625000000000001