6 0.37265625 0.69296875 0.029687500000000002 0.0390625
6 0.47968750000000004 0.74609375 0.028125 0.035937500000000004
6 0.55234375 0.6953125 0.0171875 0.028125
14 0.65546875 0.765625 0.11406250000000001 0.1125
14 0.81640625 0.6820312500000001 0.0859375 0.09531250000000001
11 0.6726562500000001 0.6429687500000001 0.035937500000000004 0.051562500000000004
11 0.6960937500000001 0.5398437500000001 0.0421875 0.0421875
11 0.79609375 0.478125 0.0421875 0.046875
11 0.7140625 0.44296875 0.018750000000000003 0.0203125
11 0.659375 0.38359375 0.025 0.035937500000000004
11 0.6046875 0.35390625000000003 0.021875000000000002 0.0234375
11 0.52265625 0.32109375 0.0328125 0.029687500000000002
11 0.43281250000000004 0.35781250000000003 0.03125 0.034375
11 0.52578125 0.43359375 0.035937500000000004 0.0484375
11 0.5750000000000001 0.53046875 0.028125 0.0390625
11 0.42578125 0.55859375 0.0421875 0.045312500000000006
11 0.37734375000000003 0.40546875000000004 0.035937500000000004 0.0421875
11 0.28671875 0.5890625 0.0328125 0.046875
11 0.14375000000000002 0.521875 0.03125 0.043750000000000004
11 0.29296875 0.41796875 0.026562500000000003 0.0390625