5 0.51484375 0.4390625 0.0578125 0.046875
5 0.5945312500000001 0.4296875 0.051562500000000004 0.046875
5 0.64375 0.33828125000000003 0.053125000000000006 0.0890625
5 0.7507812500000001 0.40390625 0.045312500000000006 0.045312500000000006
5 0.7000000000000001 0.22421875000000002 0.07187500000000001 0.0484375
5 0.64453125 0.16562500000000002 0.060937500000000006 0.037500000000000006
5 0.7375 0.1546875 0.05625 0.028125
5 0.38515625000000003 0.29921875000000003 0.0484375 0.0484375
5 0.55234375 0.16171875000000002 0.026562500000000003 0.0703125
5 0.59765625 0.23046875 0.0390625 0.11093750000000001
5 0.6414062500000001 0.21875 0.0234375 0.028125
0 0.6859375000000001 0.31093750000000003 0.028125 0.03125
10 0.9343750000000001 0.9437500000000001 0.046875 0.06875
10 0.9265625000000001 0.70703125 0.07187500000000001 0.1390625
15 0.58046875 0.7273437500000001 0.21406250000000002 0.1453125
15 0.9242187500000001 0.134375 0.1453125 0.15625
15 0.078125 0.18359375 0.1 0.0578125
13 0.634375 0.07734375 0.040625 0.045312500000000006
1 0.5125000000000001 0.234375 0.021875000000000002 0.021875000000000002
1 0.52890625 0.284375 0.0171875 0.025
1 0.48203125 0.29375 0.035937500000000004 0.015625
1 0.4421875 0.20859375000000002 0.0125 0.0328125
1 0.41015625 0.14609375 0.0203125 0.0234375
1 0.403125 0.240625 0.015625 0.025
16 0.415625 0.20468750000000002 0.0125 0.03125
16 0.43828125 0.178125 0.0203125 0.015625
16 0.503125 0.14765625000000002 0.028125 0.0171875
15 0.9460937500000001 0.84140625 0.0734375 0.09843750000000001
15 0.925 0.553125 0.09375 0.08750000000000001