7 0.49375 0.29531250000000003 0.05 0.043750000000000004
7 0.46953125 0.246875 0.026562500000000003 0.028125
7 0.44453125000000004 0.33125000000000004 0.026562500000000003 0.037500000000000006
7 0.40156250000000004 0.403125 0.037500000000000006 0.021875000000000002
7 0.47734375 0.41875 0.029687500000000002 0.03125
7 0.40859375000000003 0.5078125 0.029687500000000002 0.034375
7 0.48125 0.540625 0.034375 0.028125
7 0.4265625 0.6015625 0.037500000000000006 0.046875
7 0.43515625 0.6960937500000001 0.029687500000000002 0.0328125
13 0.32421875 0.7250000000000001 0.08281250000000001 0.096875
13 0.296875 0.765625 0.084375 0.08750000000000001