8 0.18125000000000002 0.13046875 0.15937500000000002 0.1921875
8 0.38593750000000004 0.2078125 0.08125 0.125
8 0.41328125000000004 0.09843750000000001 0.0671875 0.09062500000000001
8 0.4921875 0.12890625 0.059375000000000004 0.09531250000000001
8 0.5281250000000001 0.060937500000000006 0.040625 0.08750000000000001
8 0.5476562500000001 0.025781250000000002 0.0421875 0.051562500000000004
8 0.6046875 0.04609375 0.043750000000000004 0.0859375
8 0.65546875 0.10312500000000001 0.026562500000000003 0.059375000000000004
8 0.540625 0.16328125000000002 0.046875 0.11093750000000001
8 0.5859375 0.253125 0.037500000000000006 0.07500000000000001
8 0.6218750000000001 0.29531250000000003 0.028125 0.078125
8 0.6351562500000001 0.21015625000000002 0.0203125 0.0484375
8 0.65546875 0.38828125 0.0421875 0.07968750000000001
8 0.68359375 0.46171875 0.0234375 0.0578125
8 0.6468750000000001 0.46796875000000004 0.028125 0.060937500000000006
8 0.6125 0.37421875000000004 0.021875000000000002 0.0328125
8 0.578125 0.43046875 0.05 0.0921875
8 0.5421875 0.4 0.037500000000000006 0.07187500000000001
8 0.46015625000000004 0.33671875 0.0578125 0.1296875
8 0.4 0.35859375000000004 0.065625 0.1078125
8 0.27890625 0.47968750000000004 0.1171875 0.16562500000000002
8 0.5281250000000001 0.47968750000000004 0.05 0.078125
8 0.546875 0.5734375 0.037500000000000006 0.040625
8 0.46718750000000003 0.6820312500000001 0.084375 0.1203125
8 0.5710937500000001 0.65390625 0.051562500000000004 0.0890625
8 0.6312500000000001 0.6351562500000001 0.034375 0.0546875
8 0.53515625 0.7828125 0.0734375 0.14375000000000002
8 0.6882812500000001 0.6328125 0.0328125 0.053125000000000006
8 0.6640625 0.56953125 0.034375 0.060937500000000006
8 0.63046875 0.5234375 0.0484375 0.046875