2 0.12109375 0.6078125000000001 0.0859375 0.11875000000000001
2 0.06484375 0.62109375 0.1296875 0.15781250000000002
2 0.51015625 0.55703125 0.1078125 0.0765625
2 0.5046875000000001 0.45390625 0.1 0.1046875
2 0.30781250000000004 0.41796875 0.1125 0.0734375
2 0.17265625 0.30000000000000004 0.060937500000000006 0.07187500000000001
2 0.33125000000000004 0.25390625 0.1 0.0703125
2 0.59921875 0.48515625 0.08281250000000001 0.0484375
2 0.7234375000000001 0.5578125 0.1 0.07187500000000001
2 0.7703125000000001 0.7609375 0.08750000000000001 0.078125
2 0.82734375 0.84296875 0.1296875 0.0921875
2 0.6179687500000001 0.7562500000000001 0.1015625 0.09062500000000001
2 0.55625 0.690625 0.09062500000000001 0.05625
2 0.49140625000000004 0.82421875 0.1203125 0.1453125
11 0.31484375000000003 0.76875 0.0390625 0.05625
11 0.19687500000000002 0.81640625 0.05625 0.045312500000000006
11 0.030468750000000003 0.78828125 0.060937500000000006 0.0859375
11 0.41718750000000004 0.98203125 0.053125000000000006 0.035937500000000004
0 0.38828125 0.52109375 0.045312500000000006 0.060937500000000006
0 0.1125 0.465625 0.040625 0.065625
0 0.74921875 0.375 0.0578125 0.037500000000000006
7 0.83359375 0.3375 0.029687500000000002 0.034375
7 0.77265625 0.353125 0.0234375 0.03125
7 0.38906250000000003 0.971875 0.040625 0.05625
8 0.6375000000000001 0.32343750000000004 0.08125 0.06875
8 0.5484375 0.35781250000000003 0.07500000000000001 0.059375000000000004
8 0.6507812500000001 0.41796875 0.0734375 0.051562500000000004
8 0.478125 0.35625 0.1 0.06875
8 0.42265625 0.32890625 0.035937500000000004 0.029687500000000002
8 0.54296875 0.19062500000000002 0.0703125 0.043750000000000004
8 0.11015625000000001 0.16171875000000002 0.09531250000000001 0.1421875
8 0.0765625 0.28046875 0.09062500000000001 0.0890625
4 0.42031250000000003 0.9015625 0.043750000000000004 0.06875
4 0.46015625000000004 0.94296875 0.0765625 0.08281250000000001
4 0.40234375 0.83359375 0.0671875 0.060937500000000006
3 0.16953125000000002 0.7039062500000001 0.0671875 0.0921875
15 0.93671875 0.28359375000000003 0.1046875 0.18906250000000002
15 0.77890625 0.18281250000000002 0.21406250000000002 0.1375