15 0.63984375 0.76484375 0.23593750000000002 0.2546875
15 0.05625 0.54453125 0.1125 0.2546875
15 0.48046875 0.28750000000000003 0.09843750000000001 0.13125
15 0.6734375 0.115625 0.07187500000000001 0.0625
15 0.7039062500000001 0.52265625 0.1265625 0.11093750000000001
5 0.6820312500000001 0.33359375 0.051562500000000004 0.0484375
5 0.7781250000000001 0.40625 0.034375 0.034375
16 0.91796875 0.328125 0.0171875 0.037500000000000006
16 0.8851562500000001 0.31328125 0.010937500000000001 0.0203125
16 0.878125 0.2921875 0.015625 0.0125
13 0.8500000000000001 0.24375000000000002 0.028125 0.028125