15 0.9281250000000001 0.6585937500000001 0.14375000000000002 0.07968750000000001
15 0.23671875 0.5203125000000001 0.045312500000000006 0.046875
13 0.4 0.54296875 0.040625 0.0484375
5 0.2921875 0.6203125 0.05625 0.03125
5 0.25234375000000003 0.69296875 0.0765625 0.0484375
5 0.27968750000000003 0.7273437500000001 0.059375000000000004 0.09843750000000001
5 0.3484375 0.6546875000000001 0.059375000000000004 0.034375
5 0.38515625000000003 0.6921875000000001 0.0234375 0.028125
5 0.48359375000000004 0.628125 0.026562500000000003 0.065625
5 0.29375 0.8015625000000001 0.05625 0.09375
5 0.265625 0.89453125 0.05 0.0421875
5 0.37109375 0.9226562500000001 0.051562500000000004 0.045312500000000006
5 0.47421875 0.9242187500000001 0.0546875 0.0546875
5 0.6078125000000001 0.8140625 0.1125 0.08125
16 0.43984375000000003 0.61875 0.029687500000000002 0.021875000000000002
16 0.6937500000000001 0.6765625000000001 0.0125 0.06875
16 0.6265625 0.6804687500000001 0.0125 0.029687500000000002
16 0.6039062500000001 0.65 0.0203125 0.018750000000000003
16 0.5359375000000001 0.61640625 0.025 0.0171875
1 0.54921875 0.7718750000000001 0.0390625 0.015625
1 0.50390625 0.7625000000000001 0.0171875 0.03125
1 0.525 0.70859375 0.025 0.026562500000000003
1 0.57734375 0.6875 0.0140625 0.028125
1 0.6335937500000001 0.6195312500000001 0.0171875 0.0203125
1 0.6390625000000001 0.71640625 0.015625 0.0234375
0 0.33671875 0.7914062500000001 0.026562500000000003 0.0484375