13 0.38046875 0.35703125 0.0765625 0.0921875
13 0.5046875000000001 0.2984375 0.07500000000000001 0.084375
13 0.4625 0.30234375 0.034375 0.0390625
13 0.7664062500000001 0.43125 0.0671875 0.053125000000000006
15 0.48203125 0.3921875 0.15781250000000002 0.078125
8 0.38906250000000003 0.51328125 0.03125 0.0328125
8 0.4890625 0.44609375 0.040625 0.035937500000000004
8 0.47890625000000003 0.49921875000000004 0.0328125 0.0328125
8 0.5593750000000001 0.503125 0.037500000000000006 0.028125
8 0.596875 0.47109375000000003 0.037500000000000006 0.029687500000000002
8 0.6546875000000001 0.46640625 0.040625 0.026562500000000003
8 0.63984375 0.52265625 0.0390625 0.0328125
8 0.5546875 0.54453125 0.03125 0.026562500000000003
8 0.5945312500000001 0.6039062500000001 0.0390625 0.0328125
13 0.790625 0.55078125 0.040625 0.029687500000000002
2 0.9265625000000001 0.6078125000000001 0.07187500000000001 0.07187500000000001
2 0.9703125 0.62890625 0.05 0.0421875
2 0.8953125000000001 0.49765625 0.046875 0.0328125
2 0.98203125 0.51171875 0.035937500000000004 0.029687500000000002
5 0.9148437500000001 0.81640625 0.0546875 0.060937500000000006
5 0.80234375 0.8835937500000001 0.060937500000000006 0.0578125
5 0.78671875 0.8406250000000001 0.0578125 0.059375000000000004
5 0.8054687500000001 0.7679687500000001 0.045312500000000006 0.06406250000000001
5 0.78671875 0.7390625000000001 0.0546875 0.053125000000000006
5 0.7507812500000001 0.75 0.035937500000000004 0.037500000000000006
7 0.86875 0.71640625 0.028125 0.035937500000000004
7 0.859375 0.596875 0.025 0.03125
3 0.8812500000000001 0.55234375 0.025 0.035937500000000004
0 0.9515625000000001 0.5578125 0.021875000000000002 0.03125
0 0.83359375 0.6664062500000001 0.029687500000000002 0.0234375
3 0.978125 0.659375 0.028125 0.037500000000000006
13 0.7921875 0.6578125 0.025 0.03125
7 0.728125 0.54921875 0.03125 0.035937500000000004
7 0.8703125 0.446875 0.021875000000000002 0.015625
11 0.9164062500000001 0.671875 0.0390625 0.03125
15 0.13828125 0.35703125 0.1421875 0.06406250000000001