8 0.15625 0.14375000000000002 0.1375 0.13125
8 0.31875000000000003 0.2515625 0.07187500000000001 0.09375
8 0.35390625000000003 0.17109375000000002 0.0859375 0.09531250000000001
8 0.41640625000000003 0.17343750000000002 0.0734375 0.1
8 0.38593750000000004 0.32734375000000004 0.07187500000000001 0.1171875
8 0.48828125 0.07187500000000001 0.060937500000000006 0.084375
8 0.46640625 0.11875000000000001 0.0578125 0.09062500000000001
8 0.5390625 0.13359375 0.037500000000000006 0.0390625
8 0.57421875 0.05 0.0671875 0.07500000000000001
8 0.56484375 0.12187500000000001 0.051562500000000004 0.0625
8 0.6023437500000001 0.1796875 0.045312500000000006 0.07187500000000001
8 0.6117187500000001 0.23046875 0.0140625 0.029687500000000002
8 0.48281250000000003 0.2734375 0.059375000000000004 0.09062500000000001
8 0.53515625 0.3046875 0.045312500000000006 0.07500000000000001
8 0.565625 0.29921875000000003 0.040625 0.0734375
8 0.525 0.353125 0.046875 0.08125
8 0.6179687500000001 0.40546875000000004 0.0484375 0.07968750000000001
8 0.66015625 0.5109375 0.0328125 0.059375000000000004
8 0.61640625 0.5320312500000001 0.029687500000000002 0.0421875
8 0.5484375 0.47500000000000003 0.043750000000000004 0.06875
8 0.5789062500000001 0.55625 0.035937500000000004 0.07500000000000001
8 0.596875 0.6796875 0.065625 0.1125
8 0.56015625 0.7210937500000001 0.0421875 0.060937500000000006
8 0.51875 0.728125 0.07500000000000001 0.10625000000000001
8 0.6179687500000001 0.8078125 0.0421875 0.08125
8 0.5671875000000001 0.953125 0.059375000000000004 0.08125
8 0.5554687500000001 0.84296875 0.06406250000000001 0.0671875
8 0.484375 0.83984375 0.0625 0.1015625
8 0.39921875 0.6078125000000001 0.06406250000000001 0.07187500000000001
8 0.39687500000000003 0.70859375 0.084375 0.0890625
8 0.5437500000000001 0.5859375 0.043750000000000004 0.059375000000000004
8 0.4890625 0.5632812500000001 0.059375000000000004 0.0671875
8 0.4109375 0.509375 0.07187500000000001 0.096875
8 0.453125 0.48281250000000003 0.05 0.059375000000000004
8 0.2515625 0.5359375000000001 0.125 0.134375
8 0.28750000000000003 0.76328125 0.125 0.1265625