15 0.30390625000000004 0.7203125 0.20468750000000002 0.23125
15 0.9296875 0.6468750000000001 0.10312500000000001 0.24375000000000002
15 0.9953125 0.9281250000000001 0.009375000000000001 0.14375000000000002
15 0.53828125 0.2921875 0.07968750000000001 0.125
15 0.37578125 0.08046875 0.06406250000000001 0.0546875
15 0.28046875 0.46953125 0.11406250000000001 0.09843750000000001
5 0.33203125 0.2890625 0.045312500000000006 0.043750000000000004
5 0.22578125000000002 0.33671875 0.029687500000000002 0.0328125
16 0.1 0.22890625 0.0125 0.035937500000000004
16 0.13671875 0.22265625 0.0078125 0.0203125
16 0.146875 0.20390625 0.0125 0.0140625
13 0.18203125 0.16171875000000002 0.0234375 0.026562500000000003