16 0.07500000000000001 0.47968750000000004 0.07500000000000001 0.1875
16 0.26875 0.46953125 0.078125 0.0671875
16 0.33515625000000004 0.4 0.06406250000000001 0.05625
16 0.53359375 0.38046875 0.0890625 0.0671875
16 0.72421875 0.40625 0.07968750000000001 0.065625
0 0.8617187500000001 0.5078125 0.0703125 0.09375
5 0.88046875 0.67890625 0.0921875 0.1046875
5 0.76875 0.5437500000000001 0.1125 0.1875
5 0.23046875 0.84375 0.3359375 0.259375
13 0.9421875000000001 0.09609375 0.10312500000000001 0.1546875
1 0.51796875 0.5515625000000001 0.07968750000000001 0.07187500000000001
1 0.5453125 0.69296875 0.0625 0.0765625
1 0.40859375000000003 0.7273437500000001 0.1015625 0.051562500000000004
1 0.38593750000000004 0.49765625 0.05 0.0765625
1 0.27187500000000003 0.3125 0.059375000000000004 0.059375000000000004
1 0.2 0.5789062500000001 0.05 0.06406250000000001