8 0.9625 0.084375 0.07187500000000001 0.096875
8 0.9695312500000001 0.1953125 0.0546875 0.08125
8 0.82578125 0.045312500000000006 0.0484375 0.053125000000000006
8 0.8421875000000001 0.25234375000000003 0.12812500000000002 0.1203125
8 0.7984375 0.215625 0.07187500000000001 0.07500000000000001
8 0.7468750000000001 0.18125000000000002 0.065625 0.06875
8 0.66171875 0.20703125 0.0671875 0.0703125
8 0.6101562500000001 0.28515625 0.0921875 0.07968750000000001
8 0.659375 0.07890625000000001 0.06875 0.0578125
8 0.5640625 0.1453125 0.05 0.084375
8 0.56796875 0.07968750000000001 0.0484375 0.06875
8 0.75390625 0.04453125 0.060937500000000006 0.060937500000000006
8 0.74140625 0.1078125 0.0921875 0.05
8 0.5828125000000001 0.003125 0.034375 0.00625
8 0.57265625 0.013281250000000001 0.0421875 0.026562500000000003
8 0.5484375 0.00390625 0.046875 0.0078125
8 0.45078125 0.03359375 0.035937500000000004 0.0421875
8 0.5171875 0.09609375 0.040625 0.051562500000000004
8 0.43515625 0.1375 0.029687500000000002 0.043750000000000004
8 0.48828125 0.225 0.0734375 0.0625
8 0.45 0.21484375 0.0625 0.045312500000000006
8 0.37890625 0.24140625000000002 0.060937500000000006 0.0546875
8 0.44296875 0.30781250000000004 0.0390625 0.05625
8 0.36796875 0.16484375 0.0578125 0.060937500000000006
8 0.34609375000000003 0.14453125 0.0578125 0.060937500000000006
8 0.2765625 0.22187500000000002 0.053125000000000006 0.07500000000000001
8 0.2421875 0.26796875000000003 0.021875000000000002 0.0203125
8 0.22968750000000002 0.36562500000000003 0.05625 0.084375
8 0.3671875 0.39921875 0.06875 0.0671875
8 0.234375 0.44375000000000003 0.05625 0.06875
8 0.565625 0.42265625 0.096875 0.1296875
8 0.46718750000000003 0.36953125000000003 0.0625 0.0703125
8 0.43984375000000003 0.484375 0.0765625 0.084375
8 0.30781250000000004 0.52890625 0.08750000000000001 0.1421875
8 0.47968750000000004 0.57578125 0.140625 0.15781250000000002
8 0.46953125 0.71484375 0.09843750000000001 0.1390625
8 0.68515625 0.44296875 0.09531250000000001 0.09843750000000001
8 0.22578125000000002 0.7000000000000001 0.09843750000000001 0.10312500000000001
8 0.0546875 0.52734375 0.06875 0.0671875