2 0.7562500000000001 0.8679687500000001 0.16875 0.16718750000000002
2 0.94140625 0.58359375 0.1015625 0.0671875
2 0.890625 0.421875 0.09062500000000001 0.065625
3 0.93515625 0.9031250000000001 0.0578125 0.09062500000000001
11 0.83203125 0.9851562500000001 0.07968750000000001 0.029687500000000002
11 0.9929687500000001 0.9890625000000001 0.0140625 0.021875000000000002
2 0.7679687500000001 0.5085937500000001 0.0484375 0.08281250000000001
2 0.60703125 0.5875 0.0921875 0.05
13 0.95234375 0.6843750000000001 0.09531250000000001 0.13125
13 0.37031250000000004 0.7445312500000001 0.084375 0.0671875
13 0.26953125 0.55390625 0.13593750000000002 0.1546875
13 0.52890625 0.97421875 0.0671875 0.051562500000000004
13 0.55703125 0.5 0.1296875 0.09062500000000001
7 0.509375 0.478125 0.040625 0.043750000000000004
13 0.7859375000000001 0.43828125 0.09375 0.0734375
0 0.78125 0.6828125 0.037500000000000006 0.07500000000000001
7 0.65234375 0.8835937500000001 0.0484375 0.0578125
7 0.33828125000000003 0.90234375 0.0578125 0.0890625
8 0.109375 0.7609375 0.08125 0.0625