2 0.32656250000000003 0.69921875 0.08125 0.0578125
2 0.41484375 0.7765625 0.051562500000000004 0.043750000000000004
2 0.42421875000000003 0.7156250000000001 0.060937500000000006 0.07500000000000001
2 0.49921875000000004 0.6703125000000001 0.0578125 0.134375
2 0.64765625 0.6156250000000001 0.0890625 0.096875
2 0.7273437500000001 0.5140625 0.060937500000000006 0.046875
2 0.9242187500000001 0.5875 0.07968750000000001 0.05
2 0.8718750000000001 0.81640625 0.07500000000000001 0.06406250000000001
2 0.7718750000000001 0.7125 0.05 0.059375000000000004
2 0.6515625 0.74609375 0.0625 0.0734375
2 0.80078125 0.9007812500000001 0.1078125 0.1234375
2 0.5476562500000001 0.9085937500000001 0.11406250000000001 0.1171875
2 0.553125 0.8375 0.05 0.053125000000000006
2 0.45 0.784375 0.05625 0.053125000000000006
13 0.76875 0.31171875000000004 0.05 0.15156250000000002
2 0.5328125 0.61328125 0.059375000000000004 0.0546875
2 0.53828125 0.66796875 0.0484375 0.0421875