2 0.77109375 0.49531250000000004 0.06406250000000001 0.1375
2 0.7210937500000001 0.63046875 0.0734375 0.045312500000000006
2 0.70234375 0.7296875 0.0328125 0.043750000000000004
2 0.628125 0.6937500000000001 0.046875 0.037500000000000006
2 0.5554687500000001 0.6203125 0.0421875 0.125
2 0.521875 0.5593750000000001 0.08125 0.05
2 0.51171875 0.50703125 0.08281250000000001 0.0546875
2 0.52109375 0.403125 0.0765625 0.05
2 0.340625 0.44843750000000004 0.065625 0.078125
2 0.33828125000000003 0.37812500000000004 0.0578125 0.034375
2 0.27421875 0.56484375 0.0390625 0.0484375
2 0.13593750000000002 0.4140625 0.07187500000000001 0.037500000000000006
2 0.15234375 0.64609375 0.035937500000000004 0.045312500000000006
13 0.25703125 0.890625 0.0703125 0.20625000000000002
2 0.4703125 0.7171875000000001 0.0625 0.05625
2 0.39453125 0.62421875 0.0578125 0.0671875
2 0.5281250000000001 0.828125 0.109375 0.1375