2 0.33906250000000004 0.60546875 0.10312500000000001 0.18281250000000002
2 0.37890625 0.15781250000000002 0.0390625 0.059375000000000004
2 0.6640625 0.60078125 0.0625 0.1046875
2 0.6156250000000001 0.48203125 0.046875 0.09531250000000001
2 0.59921875 0.5078125 0.026562500000000003 0.07187500000000001
2 0.59296875 0.38125000000000003 0.035937500000000004 0.059375000000000004
2 0.76328125 0.68515625 0.035937500000000004 0.0546875
2 0.73046875 0.76328125 0.0578125 0.1078125
2 0.26015625000000003 0.16953125000000002 0.0328125 0.045312500000000006
2 0.24453125 0.11953125 0.0421875 0.0671875
2 0.340625 0.1625 0.03125 0.053125000000000006
5 0.28671875 0.13515625 0.0421875 0.0734375
5 0.28671875 0.25 0.060937500000000006 0.09375
5 0.25234375000000003 0.44140625 0.051562500000000004 0.0890625
5 0.40156250000000004 0.65 0.053125000000000006 0.096875
5 0.596875 0.8078125 0.03125 0.05625
5 0.55625 0.48125 0.03125 0.053125000000000006
5 0.6546875000000001 0.8875000000000001 0.03125 0.037500000000000006
0 0.68359375 0.84375 0.035937500000000004 0.05625
8 0.49062500000000003 0.71015625 0.03125 0.06406250000000001
8 0.5281250000000001 0.584375 0.028125 0.05625
8 0.62890625 0.6609375000000001 0.035937500000000004 0.0625
0 0.41171875 0.40468750000000003 0.0234375 0.05
4 0.34453125 0.5125000000000001 0.0390625 0.05625
5 0.43203125000000003 0.584375 0.051562500000000004 0.078125
11 0.6203125 0.78671875 0.03125 0.0484375
11 0.48750000000000004 0.38593750000000004 0.021875000000000002 0.03125
11 0.42734375 0.18906250000000002 0.029687500000000002 0.05
13 0.38984375000000004 0.07734375 0.045312500000000006 0.0671875
13 0.45234375000000004 0.38906250000000003 0.0421875 0.08125
3 0.45078125 0.09062500000000001 0.0203125 0.037500000000000006
7 0.5453125 0.20625000000000002 0.021875000000000002 0.03125
0 0.6109375 0.3125 0.025 0.034375
0 0.66015625 0.340625 0.0234375 0.03125
0 0.7640625000000001 0.47500000000000003 0.025 0.043750000000000004
2 0.7625000000000001 0.5710937500000001 0.040625 0.07968750000000001
2 0.78671875 0.7351562500000001 0.0234375 0.045312500000000006
2 0.784375 0.5515625000000001 0.03125 0.059375000000000004
4 0.6531250000000001 0.3515625 0.018750000000000003 0.028125
8 0.64375 0.48281250000000003 0.018750000000000003 0.03125
8 0.66328125 0.46953125 0.0171875 0.029687500000000002
8 0.6531250000000001 0.44375000000000003 0.009375000000000001 0.015625
8 0.6375000000000001 0.39687500000000003 0.018750000000000003 0.03125
8 0.6515625 0.38203125000000004 0.015625 0.0234375
8 0.5859375 0.30390625000000004 0.015625 0.0203125
8 0.58125 0.28359375000000003 0.025 0.0390625
8 0.5953125 0.28203125 0.009375000000000001 0.0203125
8 0.57734375 0.38203125000000004 0.0171875 0.026562500000000003
8 0.56796875 0.40468750000000003 0.0140625 0.021875000000000002
8 0.5515625000000001 0.31562500000000004 0.015625 0.03125
8 0.46640625 0.37343750000000003 0.0234375 0.034375
8 0.40546875000000004 0.14453125 0.0203125 0.035937500000000004
8 0.41953125 0.11796875000000001 0.0203125 0.0328125
8 0.70703125 0.5953125 0.0140625 0.025
8 0.7054687500000001 0.56171875 0.0140625 0.0328125
8 0.71640625 0.56484375 0.0140625 0.026562500000000003
8 0.7046875 0.5164062500000001 0.018750000000000003 0.029687500000000002
8 0.690625 0.51015625 0.021875000000000002 0.0328125
11 0.70234375 0.484375 0.0203125 0.028125
4 0.71796875 0.48750000000000004 0.0171875 0.025
13 0.71484375 0.45859375 0.0390625 0.0671875
0 0.7156250000000001 0.42109375000000004 0.0125 0.026562500000000003
0 0.71796875 0.40859375000000003 0.0203125 0.029687500000000002
8 0.6976562500000001 0.39687500000000003 0.0203125 0.037500000000000006
8 0.8359375 0.7445312500000001 0.028125 0.045312500000000006
15 0.83359375 0.565625 0.11093750000000001 0.21250000000000002
15 0.94140625 0.8453125 0.0859375 0.234375
15 0.34218750000000003 0.8296875 0.28750000000000003 0.340625
13 0.5632812500000001 0.2109375 0.0328125 0.078125