2 0.2 0.40078125000000003 0.09062500000000001 0.1390625
2 0.22890625 0.54609375 0.0859375 0.1390625
2 0.27109375 0.6984375 0.0671875 0.0625
2 0.384375 0.61484375 0.07187500000000001 0.08281250000000001
2 0.31640625 0.40703125 0.0390625 0.0484375
2 0.49453125000000003 0.43359375 0.0578125 0.0546875
2 0.596875 0.5 0.09062500000000001 0.059375000000000004
2 0.6875 0.37109375 0.078125 0.0734375
2 0.9242187500000001 0.3953125 0.0859375 0.05625
2 0.9484375 0.6265625 0.084375 0.07187500000000001
2 0.82421875 0.5671875000000001 0.0546875 0.059375000000000004
2 0.9125000000000001 0.7453125 0.12812500000000002 0.15000000000000002
2 0.71875 0.640625 0.065625 0.07187500000000001
2 0.59140625 0.55703125 0.0859375 0.0734375
2 0.55390625 0.665625 0.0734375 0.12812500000000002
2 0.50390625 0.75 0.0546875 0.043750000000000004
2 0.44140625 0.796875 0.045312500000000006 0.046875
2 0.6335937500000001 0.8625 0.1328125 0.146875
2 0.6671875 0.74765625 0.07500000000000001 0.0671875