8 0.2484375 0.3671875 0.1375 0.178125
8 0.2578125 0.24296875 0.1 0.1015625
8 0.5359375000000001 0.20703125 0.078125 0.1234375
8 0.31953125000000004 0.47265625 0.1015625 0.1234375
8 0.1703125 0.64765625 0.15000000000000002 0.1421875
8 0.43671875000000004 0.43125 0.051562500000000004 0.05
8 0.5265625 0.42031250000000003 0.059375000000000004 0.084375
8 0.45 0.4859375 0.05625 0.08750000000000001
8 0.51171875 0.55703125 0.051562500000000004 0.0890625
8 0.5765625 0.47734375 0.037500000000000006 0.06406250000000001
8 0.57734375 0.37578125 0.035937500000000004 0.0734375
8 0.603125 0.375 0.034375 0.053125000000000006
8 0.63984375 0.3328125 0.029687500000000002 0.05
8 0.640625 0.38125000000000003 0.028125 0.046875
8 0.6039062500000001 0.28750000000000003 0.045312500000000006 0.07500000000000001
8 0.43046875 0.6351562500000001 0.0421875 0.0765625
8 0.35781250000000003 0.69296875 0.05 0.0703125
8 0.328125 0.74921875 0.040625 0.045312500000000006
8 0.5710937500000001 0.2328125 0.0546875 0.08125
8 0.6218750000000001 0.19765625 0.06875 0.09531250000000001
8 0.696875 0.16562500000000002 0.034375 0.053125000000000006
8 0.71484375 0.23203125000000002 0.029687500000000002 0.0703125
8 0.6796875 0.065625 0.046875 0.08125
8 0.72421875 0.0890625 0.0390625 0.07500000000000001
8 0.7367187500000001 0.013281250000000001 0.026562500000000003 0.026562500000000003
8 0.7367187500000001 0.140625 0.0234375 0.05625
8 0.76328125 0.10078125 0.0328125 0.0765625
8 0.76171875 0.1453125 0.029687500000000002 0.065625
8 0.70703125 0.18203125 0.0328125 0.0578125
8 0.6484375 0.284375 0.043750000000000004 0.06875
8 0.22578125000000002 0.8796875000000001 0.0546875 0.096875