13 0.58984375 0.42031250000000003 0.0578125 0.040625
13 0.61875 0.4453125 0.053125000000000006 0.0625
13 0.6414062500000001 0.515625 0.0671875 0.0625
13 0.8812500000000001 0.553125 0.13125 0.109375
13 0.609375 0.65625 0.037500000000000006 0.03125
13 0.43281250000000004 0.5171875 0.025 0.03125
13 0.48125 0.4546875 0.043750000000000004 0.034375
13 0.3484375 0.58828125 0.03125 0.045312500000000006
13 0.38125000000000003 0.6570312500000001 0.059375000000000004 0.035937500000000004
13 0.6335937500000001 0.8718750000000001 0.0703125 0.06875
13 0.33906250000000004 0.8671875 0.07187500000000001 0.05
13 0.1078125 0.74140625 0.08125 0.1078125
13 0.06796875000000001 0.6640625 0.045312500000000006 0.05
13 0.11093750000000001 0.9375 0.059375000000000004 0.043750000000000004