0 0.47734375 0.3296875 0.051562500000000004 0.037500000000000006
0 0.465625 0.41171875 0.046875 0.11093750000000001
0 0.578125 0.28984375 0.043750000000000004 0.035937500000000004
0 0.6859375000000001 0.38984375000000004 0.03125 0.0765625
0 0.5921875 0.48984375 0.040625 0.029687500000000002
0 0.62421875 0.5320312500000001 0.0390625 0.0421875
0 0.7914062500000001 0.5242187500000001 0.026562500000000003 0.0328125
0 0.8671875 0.546875 0.03125 0.040625
0 0.7679687500000001 0.6484375 0.0421875 0.028125
0 0.7890625 0.8140625 0.037500000000000006 0.08125
0 0.92109375 0.7640625000000001 0.0484375 0.037500000000000006
0 0.496875 0.7562500000000001 0.03125 0.053125000000000006
0 0.5484375 0.6960937500000001 0.046875 0.029687500000000002
0 0.45859375 0.51953125 0.060937500000000006 0.0390625
0 0.43984375000000003 0.59609375 0.045312500000000006 0.035937500000000004
0 0.28750000000000003 0.446875 0.03125 0.10312500000000001
0 0.6648437500000001 0.9203125000000001 0.0234375 0.05625
0 0.64609375 0.6828125 0.0328125 0.040625
0 0.6359375 0.6765625000000001 0.028125 0.034375