8 0.23359375000000002 0.41796875 0.15156250000000002 0.2265625
8 0.275 0.6664062500000001 0.10625000000000001 0.1765625
8 0.35859375000000004 0.17578125 0.1234375 0.1609375
8 0.44375000000000003 0.13359375 0.125 0.2078125
8 0.55859375 0.14140625 0.0703125 0.09843750000000001
8 0.6078125000000001 0.24531250000000002 0.046875 0.140625
8 0.6203125 0.27890625 0.046875 0.0890625
8 0.6171875 0.11406250000000001 0.065625 0.12187500000000001
8 0.6843750000000001 0.171875 0.08125 0.125
8 0.7312500000000001 0.178125 0.05 0.1
8 0.6734375 0.30234375 0.043750000000000004 0.0734375
8 0.7203125 0.42734375 0.046875 0.11406250000000001
8 0.7507812500000001 0.45625000000000004 0.0421875 0.08125
8 0.69140625 0.59375 0.0421875 0.08125
8 0.58828125 0.46406250000000004 0.0578125 0.146875
8 0.540625 0.52109375 0.059375000000000004 0.11406250000000001
8 0.54140625 0.6531250000000001 0.0703125 0.109375
8 0.5875 0.7132812500000001 0.040625 0.0890625
8 0.62421875 0.7390625000000001 0.045312500000000006 0.12187500000000001
8 0.61328125 0.9281250000000001 0.0546875 0.1375
8 0.5453125 0.9281250000000001 0.084375 0.14375000000000002
8 0.36484375 0.8171875000000001 0.0859375 0.096875
8 0.41640625000000003 0.64765625 0.1234375 0.1921875