2 0.8679687500000001 0.63828125 0.1453125 0.1640625
2 0.8289062500000001 0.50390625 0.22031250000000002 0.2265625
2 0.5734375 0.68125 0.26875 0.134375
2 0.19843750000000002 0.92109375 0.22187500000000002 0.15781250000000002
2 0.20859375000000002 0.5593750000000001 0.16718750000000002 0.12812500000000002
2 0.23750000000000002 0.14296875 0.1875 0.1765625
2 0.05 0.59296875 0.1 0.0671875
0 0.45703125 0.75 0.0578125 0.10312500000000001
8 0.62265625 0.10546875 0.0703125 0.051562500000000004
8 0.51875 0.19609375 0.07500000000000001 0.0421875
8 0.5789062500000001 0.23046875 0.0578125 0.0546875
8 0.70078125 0.23125 0.0703125 0.0625
8 0.7468750000000001 0.34921875 0.07500000000000001 0.07968750000000001
8 0.44296875 0.47187500000000004 0.051562500000000004 0.053125000000000006
8 0.4734375 0.3515625 0.053125000000000006 0.046875
8 0.4375 0.3171875 0.06875 0.05625
8 0.8187500000000001 0.9632812500000001 0.11875000000000001 0.0734375
7 0.33203125 0.86484375 0.0734375 0.09531250000000001
8 0.0421875 0.553125 0.084375 0.06875