13 0.60078125 0.45859375 0.0546875 0.035937500000000004
13 0.6203125 0.4921875 0.05 0.059375000000000004
13 0.6218750000000001 0.5640625 0.0625 0.05625
13 0.8382812500000001 0.66796875 0.1265625 0.1015625
13 0.5484375 0.6921875000000001 0.037500000000000006 0.028125
13 0.42265625 0.50703125 0.0234375 0.029687500000000002
13 0.4859375 0.46171875 0.040625 0.029687500000000002
13 0.32109375 0.55234375 0.029687500000000002 0.0421875
13 0.3328125 0.628125 0.059375000000000004 0.03125
13 0.5078125 0.90625 0.065625 0.0625
13 0.22812500000000002 0.81953125 0.06875 0.0421875
13 0.046875 0.6328125 0.07500000000000001 0.10312500000000001
13 0.03125 0.546875 0.043750000000000004 0.046875
13 0.01015625 0.821875 0.0203125 0.040625