2 0.8812500000000001 0.69140625 0.084375 0.09531250000000001
2 0.65 0.54609375 0.08125 0.07968750000000001
5 0.09140625000000001 0.625 0.0859375 0.1375
5 0.043750000000000004 0.515625 0.078125 0.059375000000000004
5 0.48046875 0.96015625 0.0578125 0.0671875
11 0.32734375000000004 0.83359375 0.035937500000000004 0.051562500000000004
11 0.22968750000000002 0.7523437500000001 0.028125 0.0328125
1 0.7664062500000001 0.82734375 0.051562500000000004 0.0234375
1 0.5921875 0.7859375000000001 0.037500000000000006 0.040625
8 0.4 0.68515625 0.06875 0.051562500000000004
8 0.25859375 0.5 0.0546875 0.03125
7 0.43281250000000004 0.61484375 0.015625 0.0484375
7 0.51015625 0.43125 0.0328125 0.03125
16 0.875 0.56875 0.028125 0.09375
16 0.6976562500000001 0.7273437500000001 0.0203125 0.0734375
3 0.7984375 0.7140625 0.037500000000000006 0.037500000000000006
4 0.65390625 0.63671875 0.0203125 0.0578125
3 0.5828125000000001 0.6351562500000001 0.021875000000000002 0.0546875
4 0.37421875000000004 0.47109375000000003 0.0171875 0.035937500000000004
10 0.49062500000000003 0.5281250000000001 0.053125000000000006 0.05
10 0.6937500000000001 0.4703125 0.08750000000000001 0.059375000000000004
0 0.21250000000000002 0.5828125000000001 0.03125 0.08750000000000001
0 0.146875 0.3921875 0.034375 0.10625000000000001