8 0.64765625 0.0203125 0.060937500000000006 0.040625
8 0.65 0.1703125 0.05 0.07187500000000001
8 0.70703125 0.11406250000000001 0.0671875 0.11875000000000001
8 0.68515625 0.09453125000000001 0.035937500000000004 0.060937500000000006
8 0.5476562500000001 0.253125 0.0671875 0.065625
8 0.49062500000000003 0.12812500000000002 0.043750000000000004 0.053125000000000006
8 0.45859375 0.0054687500000000005 0.0546875 0.010937500000000001
8 0.49843750000000003 0.55703125 0.08750000000000001 0.11406250000000001
8 0.6765625000000001 0.59296875 0.078125 0.1203125
8 0.54453125 0.4578125 0.0890625 0.09062500000000001
8 0.7015625000000001 0.43515625 0.07500000000000001 0.11093750000000001
8 0.9085937500000001 0.06953125 0.09531250000000001 0.13593750000000002
8 0.7953125000000001 0.051562500000000004 0.0625 0.084375
8 0.07890625000000001 0.140625 0.06406250000000001 0.096875
8 0.12890625 0.14609375 0.045312500000000006 0.0546875