6 0.6335937500000001 0.6429687500000001 0.0171875 0.0203125
6 0.39296875000000003 0.73828125 0.0140625 0.0140625
6 0.040625 0.8140625 0.025 0.028125
6 0.5671875000000001 0.5515625000000001 0.0125 0.0125
6 0.49765625 0.5609375 0.0171875 0.021875000000000002
11 0.53359375 0.5867187500000001 0.0203125 0.0234375
11 0.55078125 0.5046875000000001 0.029687500000000002 0.03125
11 0.5421875 0.46953125 0.025 0.026562500000000003
11 0.59921875 0.42109375000000004 0.026562500000000003 0.0234375
11 0.5945312500000001 0.37890625 0.0171875 0.0140625
11 0.7054687500000001 0.4921875 0.029687500000000002 0.028125
11 0.753125 0.6039062500000001 0.037500000000000006 0.0390625
14 0.66171875 0.58984375 0.0484375 0.0546875
14 0.8250000000000001 0.54453125 0.053125000000000006 0.035937500000000004
11 0.7140625 0.42421875000000003 0.018750000000000003 0.0234375
11 0.7375 0.35468750000000004 0.015625 0.015625
11 0.6265625 0.5265625 0.018750000000000003 0.025
11 0.8523437500000001 0.38203125000000004 0.0203125 0.0203125
11 0.8703125 0.42734375 0.018750000000000003 0.0171875
11 0.875 0.45625000000000004 0.018750000000000003 0.025