0 0.53828125 0.32343750000000004 0.0546875 0.043750000000000004
0 0.7585937500000001 0.39609375 0.0390625 0.1046875
0 0.8093750000000001 0.57265625 0.07187500000000001 0.051562500000000004
0 0.67734375 0.5710937500000001 0.06406250000000001 0.0390625
0 0.6257812500000001 0.50390625 0.06406250000000001 0.045312500000000006
0 0.578125 0.39921875 0.053125000000000006 0.1078125
0 0.48281250000000003 0.5007812500000001 0.05 0.0328125
0 0.42734375 0.30859375 0.051562500000000004 0.0421875
0 0.35781250000000003 0.42421875000000003 0.043750000000000004 0.08281250000000001
0 0.31015625 0.57578125 0.0328125 0.045312500000000006
0 0.24375000000000002 0.6171875 0.040625 0.05
0 0.47187500000000004 0.55234375 0.040625 0.0484375
0 0.38515625000000003 0.6515625 0.035937500000000004 0.07500000000000001
0 0.44921875 0.7578125 0.0484375 0.05
0 0.5125000000000001 0.69296875 0.03125 0.0390625
0 0.60546875 0.6921875000000001 0.0578125 0.040625
0 0.6742187500000001 0.7375 0.0421875 0.0625
0 0.6820312500000001 0.8328125000000001 0.0328125 0.05625
0 0.57265625 0.93359375 0.029687500000000002 0.060937500000000006
0 0.42109375000000004 0.85703125 0.0421875 0.0734375
0 0.27421875 0.8359375 0.0546875 0.040625