8 0.7609375 0.01015625 0.10625000000000001 0.0203125
8 0.6429687500000001 0.1078125 0.1546875 0.16562500000000002
8 0.5437500000000001 0.1296875 0.05625 0.0625
8 0.6015625 0.01953125 0.065625 0.0390625
8 0.5007812500000001 0.078125 0.051562500000000004 0.08125
8 0.4625 0.05 0.05 0.0625
8 0.46875 0.10859375 0.043750000000000004 0.06406250000000001
8 0.38906250000000003 0.08750000000000001 0.043750000000000004 0.0625
8 0.4078125 0.13359375 0.040625 0.051562500000000004
8 0.42578125 0.153125 0.060937500000000006 0.08125
8 0.39609375 0.21484375 0.045312500000000006 0.060937500000000006
8 0.36171875000000003 0.209375 0.0484375 0.05625
8 0.5632812500000001 0.24375000000000002 0.08281250000000001 0.1
8 0.509375 0.26640625 0.0625 0.08281250000000001
8 0.45546875000000003 0.328125 0.07968750000000001 0.12187500000000001
8 0.41640625000000003 0.30625 0.060937500000000006 0.059375000000000004
8 0.3984375 0.2921875 0.043750000000000004 0.053125000000000006
8 0.3453125 0.32421875 0.05625 0.0765625
8 0.38203125000000004 0.41718750000000004 0.0578125 0.0625
8 0.33125000000000004 0.4625 0.040625 0.046875
8 0.44921875 0.43046875 0.06406250000000001 0.08281250000000001
8 0.37421875000000004 0.5242187500000001 0.051562500000000004 0.0734375
8 0.325 0.57421875 0.040625 0.0546875
8 0.3140625 0.59609375 0.03125 0.051562500000000004
8 0.38906250000000003 0.6062500000000001 0.043750000000000004 0.059375000000000004
8 0.4578125 0.5359375000000001 0.078125 0.1125
8 0.5515625000000001 0.67734375 0.115625 0.1703125
8 0.39296875000000003 0.77265625 0.0734375 0.1046875
8 0.29140625000000003 0.8828125 0.0546875 0.078125
8 0.3515625 0.9070312500000001 0.08750000000000001 0.13593750000000002
8 0.415625 0.93125 0.08750000000000001 0.10625000000000001
8 0.45156250000000003 0.95703125 0.05625 0.051562500000000004
8 0.29765625 0.6921875000000001 0.035937500000000004 0.05625
8 0.75 0.88203125 0.12187500000000001 0.1328125
8 0.6109375 0.43359375 0.07187500000000001 0.1078125