8 0.890625 0.7640625000000001 0.037500000000000006 0.037500000000000006
8 0.8546875 0.59375 0.05625 0.053125000000000006
8 0.8453125 0.6937500000000001 0.034375 0.040625
8 0.76484375 0.65546875 0.045312500000000006 0.060937500000000006
8 0.70703125 0.55625 0.035937500000000004 0.03125
8 0.6531250000000001 0.5671875000000001 0.028125 0.028125
8 0.6703125000000001 0.6203125 0.040625 0.018750000000000003
8 0.5906250000000001 0.6234375000000001 0.037500000000000006 0.034375
8 0.5164062500000001 0.5234375 0.051562500000000004 0.021875000000000002
8 0.40390625 0.5085937500000001 0.051562500000000004 0.060937500000000006
8 0.46015625000000004 0.5609375 0.0328125 0.043750000000000004
8 0.49609375 0.5875 0.0328125 0.015625
8 0.47734375 0.6046875 0.035937500000000004 0.034375
8 0.48281250000000003 0.6640625 0.053125000000000006 0.018750000000000003
8 0.6265625 0.70078125 0.053125000000000006 0.026562500000000003
8 0.7046875 0.78046875 0.040625 0.0328125
8 0.51953125 0.8250000000000001 0.0390625 0.040625
8 0.54296875 0.8734375000000001 0.0390625 0.034375
8 0.45156250000000003 0.78046875 0.028125 0.0390625
8 0.45390625 0.7125 0.0421875 0.037500000000000006
8 0.4109375 0.6921875000000001 0.03125 0.028125
8 0.35546875 0.6492187500000001 0.026562500000000003 0.0484375
8 0.32578125 0.628125 0.051562500000000004 0.021875000000000002
8 0.22421875000000002 0.6062500000000001 0.045312500000000006 0.028125
8 0.16953125000000002 0.65 0.026562500000000003 0.046875
8 0.10703125000000001 0.7046875 0.0328125 0.043750000000000004
8 0.20390625 0.7609375 0.0328125 0.040625
8 0.17890625000000002 0.8203125 0.0234375 0.037500000000000006
8 0.096875 0.91953125 0.046875 0.0390625
8 0.26640625 0.79609375 0.0484375 0.045312500000000006
8 0.2921875 0.73046875 0.053125000000000006 0.0484375
8 0.26796875000000003 0.6687500000000001 0.0390625 0.034375
8 0.4 0.7562500000000001 0.015625 0.05625
8 0.39765625000000004 0.85078125 0.051562500000000004 0.0234375
8 0.35390625000000003 0.8328125000000001 0.035937500000000004 0.025
8 0.29921875000000003 0.85078125 0.0421875 0.0390625
8 0.29453125 0.89609375 0.0484375 0.0390625
8 0.39140625 0.93359375 0.035937500000000004 0.029687500000000002