0 0.45625000000000004 0.8515625 0.021875000000000002 0.05625
0 0.41328125000000004 0.759375 0.035937500000000004 0.0625
0 0.33906250000000004 0.690625 0.021875000000000002 0.08750000000000001
0 0.32421875 0.546875 0.0203125 0.059375000000000004
0 0.08515625 0.5890625 0.0390625 0.040625
0 0.07890625000000001 0.578125 0.0390625 0.034375
0 0.08281250000000001 0.54296875 0.03125 0.029687500000000002
0 0.22187500000000002 0.4765625 0.021875000000000002 0.034375
0 0.32343750000000004 0.36328125 0.040625 0.045312500000000006
0 0.38046875 0.43593750000000003 0.0203125 0.096875
0 0.40937500000000004 0.2921875 0.025 0.040625
0 0.48671875000000003 0.27187500000000003 0.0578125 0.053125000000000006
0 0.61484375 0.30781250000000004 0.0234375 0.09375
0 0.6960937500000001 0.3453125 0.026562500000000003 0.1125
0 0.6859375000000001 0.5125000000000001 0.059375000000000004 0.046875
0 0.6125 0.4546875 0.05625 0.037500000000000006
0 0.546875 0.35625 0.015625 0.034375
0 0.49296875 0.40234375 0.026562500000000003 0.09843750000000001
0 0.49609375 0.4859375 0.0203125 0.078125
0 0.48984375 0.56953125 0.0203125 0.07968750000000001
0 0.5421875 0.6039062500000001 0.028125 0.035937500000000004
0 0.5703125 0.6195312500000001 0.021875000000000002 0.09531250000000001