13 0.98203125 0.8562500000000001 0.035937500000000004 0.17500000000000002
2 0.9140625 0.8718750000000001 0.07500000000000001 0.059375000000000004
2 0.81015625 0.77265625 0.0484375 0.0546875
2 0.6882812500000001 0.80859375 0.06406250000000001 0.0765625
2 0.60546875 0.884375 0.0671875 0.059375000000000004
2 0.58984375 0.94921875 0.1203125 0.1015625
2 0.44921875 0.83359375 0.0546875 0.0421875
2 0.37421875000000004 0.85703125 0.035937500000000004 0.0421875
2 0.36171875000000003 0.753125 0.08281250000000001 0.053125000000000006
2 0.42890625000000004 0.703125 0.060937500000000006 0.065625
2 0.47890625000000003 0.6156250000000001 0.06406250000000001 0.037500000000000006
2 0.53515625 0.72265625 0.0546875 0.1296875
2 0.578125 0.72578125 0.053125000000000006 0.051562500000000004
2 0.57734375 0.66953125 0.0890625 0.060937500000000006
2 0.5710937500000001 0.56484375 0.08281250000000001 0.0546875
2 0.7515625 0.6429687500000001 0.07187500000000001 0.0890625
2 0.7562500000000001 0.5734375 0.0625 0.043750000000000004
2 0.9593750000000001 0.6484375 0.078125 0.046875
2 0.84375 0.94921875 0.109375 0.1015625