13 0.34218750000000003 0.7429687500000001 0.034375 0.0328125
13 0.43359375 0.7046875 0.029687500000000002 0.025
5 0.38125000000000003 0.80390625 0.025 0.035937500000000004
5 0.53671875 0.76328125 0.0171875 0.0171875
5 0.53359375 0.7375 0.0140625 0.015625
15 0.603125 0.7195312500000001 0.040625 0.0421875
15 0.64375 0.74375 0.034375 0.08125
8 0.59375 0.83359375 0.021875000000000002 0.0140625
8 0.54140625 0.846875 0.0203125 0.021875000000000002
8 0.5007812500000001 0.7937500000000001 0.0203125 0.0125
8 0.49375 0.7757812500000001 0.018750000000000003 0.0171875
8 0.47968750000000004 0.790625 0.015625 0.018750000000000003
8 0.49453125000000003 0.82421875 0.0140625 0.010937500000000001
8 0.52734375 0.7937500000000001 0.0140625 0.015625
8 0.49843750000000003 0.7421875 0.018750000000000003 0.0125
8 0.49296875 0.7265625 0.0140625 0.0125
8 0.5109375 0.72421875 0.015625 0.0171875
8 0.46718750000000003 0.70234375 0.0125 0.0140625
8 0.38125000000000003 0.73359375 0.015625 0.0203125
8 0.39921875 0.7796875000000001 0.0203125 0.021875000000000002
8 0.48281250000000003 0.74140625 0.009375000000000001 0.0140625
8 0.5328125 0.71796875 0.009375000000000001 0.010937500000000001
8 0.56953125 0.8 0.0171875 0.015625
8 0.55078125 0.7953125000000001 0.0171875 0.021875000000000002
8 0.540625 0.77734375 0.018750000000000003 0.0171875
8 0.5593750000000001 0.7671875 0.0125 0.0125
8 0.58203125 0.8453125 0.0140625 0.015625
0 0.41328125000000004 0.71640625 0.0203125 0.0171875
8 0.33906250000000004 0.7109375 0.0125 0.009375000000000001
0 0.45625000000000004 0.8343750000000001 0.015625 0.021875000000000002
2 0.503125 0.7054687500000001 0.025 0.0171875