5 0.38906250000000003 0.7171875000000001 0.153125 0.109375
5 0.76484375 0.80625 0.1015625 0.140625
5 0.8523437500000001 0.66171875 0.1203125 0.09843750000000001
5 0.91171875 0.5710937500000001 0.0890625 0.06406250000000001
5 0.7921875 0.58046875 0.09375 0.0703125
5 0.77734375 0.6515625 0.045312500000000006 0.05625
5 0.721875 0.65625 0.09062500000000001 0.15625
5 0.6703125000000001 0.56015625 0.059375000000000004 0.09531250000000001
5 0.8929687500000001 0.90390625 0.0765625 0.0734375
0 0.82421875 0.7742187500000001 0.0484375 0.06406250000000001
16 0.6062500000000001 0.53828125 0.040625 0.035937500000000004
16 0.48125 0.6046875 0.028125 0.043750000000000004
16 0.39921875 0.5945312500000001 0.0421875 0.0921875
1 0.6015625 0.65390625 0.040625 0.0421875
1 0.48515625 0.5296875 0.0328125 0.034375
15 0.16953125000000002 0.53515625 0.08281250000000001 0.0765625
15 0.1 0.54609375 0.07500000000000001 0.0671875
15 0.05078125 0.55703125 0.0328125 0.0578125