7 0.7312500000000001 0.546875 0.053125000000000006 0.037500000000000006
7 0.52890625 0.51484375 0.0203125 0.045312500000000006
7 0.6156250000000001 0.47578125000000004 0.05 0.0234375
7 0.58828125 0.42031250000000003 0.026562500000000003 0.040625
7 0.61875 0.39765625000000004 0.018750000000000003 0.0234375
7 0.4421875 0.3984375 0.037500000000000006 0.034375
7 0.39375000000000004 0.42812500000000003 0.028125 0.021875000000000002
7 0.284375 0.45859375 0.028125 0.026562500000000003
7 0.3046875 0.49375 0.043750000000000004 0.040625
7 0.18828125 0.525 0.0390625 0.028125
13 0.61484375 0.8453125 0.2484375 0.209375