8 0.7781250000000001 0.5546875 0.17500000000000002 0.240625
8 0.64453125 0.75546875 0.1265625 0.1859375
8 0.7562500000000001 0.278125 0.1375 0.17500000000000002
8 0.696875 0.1921875 0.15000000000000002 0.23125
8 0.5875 0.146875 0.08125 0.10625000000000001
8 0.50234375 0.215625 0.06406250000000001 0.14375000000000002
8 0.478125 0.2390625 0.05625 0.09375
8 0.54453125 0.09765625 0.07968750000000001 0.1203125
8 0.4609375 0.11171875 0.09375 0.13593750000000002
8 0.41640625000000003 0.09453125000000001 0.060937500000000006 0.1046875
8 0.421875 0.23359375000000002 0.053125000000000006 0.0765625
8 0.33203125 0.32109375 0.060937500000000006 0.1171875
8 0.29296875 0.33203125 0.051562500000000004 0.0859375
8 0.29453125 0.484375 0.051562500000000004 0.084375
8 0.4375 0.42031250000000003 0.07500000000000001 0.15000000000000002
8 0.45859375 0.49375 0.0734375 0.12187500000000001
8 0.40937500000000004 0.6109375 0.08125 0.115625
8 0.34453125 0.6414062500000001 0.051562500000000004 0.0921875
8 0.30078125 0.6468750000000001 0.060937500000000006 0.125
8 0.23828125 0.81953125 0.0703125 0.1421875
8 0.29609375 0.8656250000000001 0.1046875 0.178125
8 0.50703125 0.84296875 0.09531250000000001 0.1078125
8 0.5242187500000001 0.66796875 0.1453125 0.20468750000000002