0 0.5734375 0.45937500000000003 0.043750000000000004 0.07187500000000001
0 0.6726562500000001 0.35468750000000004 0.051562500000000004 0.10312500000000001
0 0.628125 0.25 0.065625 0.059375000000000004
0 0.7468750000000001 0.2109375 0.040625 0.05
0 0.8406250000000001 0.22421875000000002 0.084375 0.0765625
0 0.88046875 0.340625 0.026562500000000003 0.040625
0 0.8070312500000001 0.36875 0.060937500000000006 0.11875000000000001
0 0.78828125 0.46406250000000004 0.0421875 0.084375
0 0.9304687500000001 0.48125 0.0734375 0.05625
0 0.9734375000000001 0.3140625 0.053125000000000006 0.115625
0 0.9789062500000001 0.5789062500000001 0.0421875 0.0671875
0 0.8343750000000001 0.64765625 0.059375000000000004 0.11406250000000001
0 0.8078125 0.61484375 0.043750000000000004 0.0484375
0 0.7562500000000001 0.55859375 0.05 0.09531250000000001
0 0.55078125 0.6218750000000001 0.0546875 0.10312500000000001
0 0.6156250000000001 0.73203125 0.06875 0.08281250000000001
0 0.6390625000000001 0.8523437500000001 0.046875 0.0671875
0 0.30390625000000004 0.34609375000000003 0.045312500000000006 0.045312500000000006
0 0.30000000000000004 0.47109375000000003 0.040625 0.045312500000000006