10 0.675 0.8375 0.025 0.015625
4 0.6390625000000001 0.8523437500000001 0.009375000000000001 0.0171875
0 0.58046875 0.8796875000000001 0.0171875 0.03125
5 0.5390625 0.8851562500000001 0.037500000000000006 0.051562500000000004
5 0.5234375 0.84375 0.028125 0.021875000000000002
0 0.5078125 0.80078125 0.025 0.0234375
11 0.5828125000000001 0.9437500000000001 0.0125 0.0125
11 0.65546875 0.9539062500000001 0.0203125 0.0171875
7 0.6578125 0.909375 0.009375000000000001 0.018750000000000003
7 0.67734375 0.90234375 0.0171875 0.0203125
4 0.7390625000000001 0.9359375000000001 0.0125 0.021875000000000002
3 0.7117187500000001 0.9296875 0.010937500000000001 0.018750000000000003
16 0.7132812500000001 0.9625 0.0171875 0.040625
1 0.71484375 0.9875 0.0171875 0.015625
16 0.7562500000000001 0.9750000000000001 0.0125 0.028125
3 0.7820312500000001 0.93359375 0.0171875 0.0203125