8 0.6078125000000001 0.07734375 0.065625 0.0859375
8 0.5953125 0.24921875000000002 0.053125000000000006 0.0734375
8 0.6570312500000001 0.19765625 0.0734375 0.1171875
8 0.63671875 0.1765625 0.0390625 0.0625
8 0.48515625 0.325 0.0703125 0.06875
8 0.44062500000000004 0.19609375 0.043750000000000004 0.051562500000000004
8 0.42109375000000004 0.051562500000000004 0.0578125 0.05625
8 0.40703125 0.6234375000000001 0.0921875 0.115625
8 0.5828125000000001 0.671875 0.084375 0.11875000000000001
8 0.4625 0.5281250000000001 0.09375 0.09375
8 0.62109375 0.5164062500000001 0.07968750000000001 0.11093750000000001
8 0.8617187500000001 0.16640625 0.09843750000000001 0.13593750000000002
8 0.75 0.140625 0.065625 0.08750000000000001
8 0.03125 0.1796875 0.0625 0.096875
8 0.078125 0.18828125 0.046875 0.0546875