0 0.49531250000000004 0.33125000000000004 0.053125000000000006 0.043750000000000004
0 0.4546875 0.40468750000000003 0.059375000000000004 0.115625
0 0.6062500000000001 0.321875 0.046875 0.040625
0 0.671875 0.446875 0.040625 0.078125
0 0.546875 0.5140625 0.043750000000000004 0.034375
0 0.5609375 0.5632812500000001 0.043750000000000004 0.045312500000000006
0 0.7234375000000001 0.603125 0.028125 0.037500000000000006
0 0.78671875 0.6468750000000001 0.035937500000000004 0.043750000000000004
0 0.65546875 0.7140625 0.045312500000000006 0.034375
0 0.6156250000000001 0.8765625 0.046875 0.084375
0 0.759375 0.8671875 0.053125000000000006 0.043750000000000004
0 0.35859375000000004 0.7390625000000001 0.0390625 0.05625
0 0.4296875 0.696875 0.05 0.037500000000000006
0 0.4078125 0.5046875000000001 0.065625 0.046875
0 0.36250000000000004 0.571875 0.05 0.043750000000000004
0 0.27187500000000003 0.38671875 0.043750000000000004 0.1046875
0 0.45859375 0.94140625 0.029687500000000002 0.0578125
0 0.5265625 0.7109375 0.037500000000000006 0.043750000000000004
0 0.51953125 0.703125 0.0328125 0.037500000000000006