8 0.28359375000000003 0.3921875 0.1234375 0.16875
8 0.2734375 0.26796875000000003 0.09062500000000001 0.09531250000000001
8 0.5484375 0.23125 0.06875 0.11875000000000001
8 0.371875 0.496875 0.09062500000000001 0.115625
8 0.2484375 0.671875 0.1375 0.13125
8 0.48359375000000004 0.45546875000000003 0.0484375 0.045312500000000006
8 0.57265625 0.44296875 0.051562500000000004 0.07968750000000001
8 0.50546875 0.509375 0.0484375 0.084375
8 0.578125 0.5796875 0.043750000000000004 0.084375
8 0.6312500000000001 0.5 0.03125 0.0625
8 0.61640625 0.3984375 0.029687500000000002 0.07187500000000001
8 0.6429687500000001 0.39765625000000004 0.029687500000000002 0.051562500000000004
8 0.6734375 0.35546875 0.025 0.0484375
8 0.6796875 0.40390625 0.025 0.045312500000000006
8 0.6296875000000001 0.31015625 0.037500000000000006 0.0734375
8 0.51015625 0.6578125 0.035937500000000004 0.07500000000000001
8 0.4453125 0.7156250000000001 0.043750000000000004 0.065625
8 0.42500000000000004 0.77265625 0.037500000000000006 0.0421875
8 0.5875 0.25625000000000003 0.046875 0.078125
8 0.634375 0.22187500000000002 0.059375000000000004 0.09062500000000001
8 0.7039062500000001 0.18906250000000002 0.029687500000000002 0.05
8 0.73359375 0.2546875 0.0234375 0.06875
8 0.67109375 0.08828125 0.0390625 0.07968750000000001
8 0.7203125 0.1125 0.034375 0.07187500000000001
8 0.71875 0.028125 0.021875000000000002 0.040625
8 0.7406250000000001 0.16328125000000002 0.018750000000000003 0.0546875
8 0.7601562500000001 0.1234375 0.026562500000000003 0.07500000000000001
8 0.765625 0.16796875 0.025 0.06406250000000001
8 0.71640625 0.20468750000000002 0.026562500000000003 0.053125000000000006
8 0.6734375 0.30781250000000004 0.037500000000000006 0.065625
8 0.34140625 0.9031250000000001 0.0484375 0.09375