0 0.13671875 0.27890625 0.0578125 0.1171875
0 0.17578125 0.478125 0.0390625 0.08750000000000001
7 0.49140625000000004 0.35703125 0.035937500000000004 0.0328125
7 0.38828125 0.5296875 0.026562500000000003 0.053125000000000006
16 0.6351562500000001 0.6726562500000001 0.0328125 0.0765625
16 0.8343750000000001 0.5320312500000001 0.037500000000000006 0.1015625
3 0.7351562500000001 0.6703125000000001 0.0421875 0.046875
3 0.53046875 0.56796875 0.0328125 0.0546875
4 0.603125 0.57734375 0.03125 0.0546875
4 0.353125 0.38203125000000004 0.025 0.0390625
8 0.23203125000000002 0.4 0.051562500000000004 0.03125
8 0.3453125 0.59921875 0.06875 0.0546875
11 0.16562500000000002 0.6453125000000001 0.03125 0.037500000000000006
11 0.25234375000000003 0.734375 0.0421875 0.053125000000000006
5 0.049218750000000006 0.50390625 0.09843750000000001 0.13593750000000002
5 0.02734375 0.39296875000000003 0.0546875 0.0578125
10 0.45859375 0.45390625 0.060937500000000006 0.060937500000000006
10 0.6664062500000001 0.4140625 0.09531250000000001 0.065625
1 0.6859375000000001 0.7765625 0.05625 0.040625
1 0.51953125 0.7156250000000001 0.0421875 0.043750000000000004
2 0.81796875 0.65234375 0.09531250000000001 0.09843750000000001
2 0.6117187500000001 0.484375 0.0890625 0.08750000000000001