0 0.421875 0.70234375 0.021875000000000002 0.0484375
0 0.434375 0.78671875 0.028125 0.026562500000000003
0 0.47578125000000004 0.76171875 0.0234375 0.0234375
0 0.48203125 0.7265625 0.0234375 0.021875000000000002
0 0.48046875 0.6734375 0.026562500000000003 0.053125000000000006
0 0.5046875000000001 0.64765625 0.015625 0.0203125
0 0.52265625 0.6062500000000001 0.0203125 0.043750000000000004
0 0.52578125 0.7000000000000001 0.0171875 0.018750000000000003
0 0.5375 0.71875 0.018750000000000003 0.025
0 0.54609375 0.765625 0.0171875 0.018750000000000003
0 0.51796875 0.8015625000000001 0.0203125 0.018750000000000003
0 0.5046875000000001 0.83359375 0.015625 0.0234375
0 0.5171875 0.8757812500000001 0.015625 0.026562500000000003
0 0.56796875 0.9015625 0.0140625 0.03125
0 0.603125 0.84140625 0.021875000000000002 0.0421875
0 0.58828125 0.759375 0.0171875 0.015625
0 0.59296875 0.7046875 0.0140625 0.021875000000000002
0 0.6195312500000001 0.70703125 0.0140625 0.0203125
0 0.640625 0.7578125 0.015625 0.018750000000000003
0 0.64609375 0.8093750000000001 0.0203125 0.018750000000000003