0 0.84765625 0.23046875 0.0484375 0.1171875
0 0.7921875 0.4296875 0.03125 0.08750000000000001
7 0.48750000000000004 0.31093750000000003 0.034375 0.034375
7 0.5750000000000001 0.48359375000000004 0.021875000000000002 0.0546875
16 0.3171875 0.6273437500000001 0.028125 0.0765625
16 0.13046875 0.48828125 0.029687500000000002 0.1015625
3 0.21640625000000002 0.6257812500000001 0.0390625 0.045312500000000006
3 0.43046875 0.521875 0.026562500000000003 0.053125000000000006
4 0.35703125 0.53125 0.026562500000000003 0.05625
4 0.62265625 0.33437500000000003 0.0203125 0.040625
8 0.7421875 0.353125 0.05 0.03125
8 0.6125 0.553125 0.065625 0.053125000000000006
11 0.78671875 0.596875 0.029687500000000002 0.037500000000000006
11 0.6937500000000001 0.6882812500000001 0.037500000000000006 0.051562500000000004
5 0.9164062500000001 0.45546875000000003 0.0890625 0.13593750000000002
5 0.9593750000000001 0.34375 0.07500000000000001 0.059375000000000004
10 0.51171875 0.40703125 0.0546875 0.06406250000000001
10 0.30859375 0.36796875 0.0890625 0.0671875
1 0.25703125 0.7328125000000001 0.051562500000000004 0.040625
1 0.42890625000000004 0.66953125 0.0390625 0.045312500000000006
2 0.13671875 0.6078125000000001 0.0859375 0.1
2 0.35625 0.4375 0.08125 0.08750000000000001