0 0.16640625 0.86328125 0.060937500000000006 0.11093750000000001
0 0.09062500000000001 0.9476562500000001 0.078125 0.1046875
0 0.74609375 0.55 0.0484375 0.10312500000000001
0 0.8890625000000001 0.3375 0.037500000000000006 0.078125
2 0.6359375 0.34218750000000003 0.17500000000000002 0.1125
2 0.7140625 0.6804687500000001 0.19062500000000002 0.0890625
2 0.44140625 0.5734375 0.1453125 0.078125
2 0.1046875 0.6664062500000001 0.16875 0.051562500000000004
2 0.8445312500000001 0.40625 0.11406250000000001 0.07500000000000001
13 0.44375000000000003 0.40234375 0.215625 0.1421875
13 0.7312500000000001 0.8640625000000001 0.225 0.203125
13 0.15000000000000002 0.49531250000000004 0.30000000000000004 0.27187500000000003
13 0.0078125 0.7156250000000001 0.015625 0.10625000000000001