7 0.328125 0.5789062500000001 0.059375000000000004 0.0421875
7 0.5164062500000001 0.5164062500000001 0.029687500000000002 0.0484375
7 0.42265625 0.4921875 0.0546875 0.03125
7 0.434375 0.43359375 0.034375 0.045312500000000006
7 0.39921875 0.41484375 0.0234375 0.0234375
7 0.571875 0.38984375000000004 0.043750000000000004 0.0390625
7 0.628125 0.41171875 0.03125 0.026562500000000003
7 0.74140625 0.42578125 0.0328125 0.029687500000000002
7 0.73203125 0.46328125000000003 0.051562500000000004 0.045312500000000006
7 0.8523437500000001 0.4765625 0.0421875 0.034375
13 0.51875 0.8539062500000001 0.284375 0.2421875