8 0.85546875 0.043750000000000004 0.0859375 0.08750000000000001
8 0.6937500000000001 0.15078125 0.12187500000000001 0.1421875
8 0.59140625 0.15000000000000002 0.045312500000000006 0.053125000000000006
8 0.6921875000000001 0.035937500000000004 0.046875 0.07187500000000001
8 0.6671875 0.00703125 0.0625 0.0140625
8 0.56875 0.09062500000000001 0.034375 0.07500000000000001
8 0.5421875 0.055468750000000004 0.037500000000000006 0.0546875
8 0.5281250000000001 0.1125 0.028125 0.059375000000000004
8 0.45937500000000003 0.07421875 0.03125 0.0578125
8 0.4609375 0.12265625000000001 0.03125 0.0484375
8 0.47187500000000004 0.14609375 0.043750000000000004 0.0734375
8 0.421875 0.19921875 0.034375 0.0546875
8 0.390625 0.1859375 0.037500000000000006 0.05
8 0.571875 0.26484375 0.0625 0.0859375
8 0.51171875 0.27421875 0.045312500000000006 0.0734375
8 0.44062500000000004 0.32109375 0.053125000000000006 0.11406250000000001
8 0.4109375 0.2921875 0.05 0.05
8 0.3984375 0.275 0.034375 0.046875
8 0.33671875 0.29296875 0.0390625 0.0703125
8 0.33984375 0.39140625 0.0421875 0.0546875
8 0.2765625 0.42421875000000003 0.03125 0.0421875
8 0.3984375 0.41953125 0.046875 0.0734375
8 0.29609375 0.49296875 0.035937500000000004 0.0671875
8 0.2328125 0.53125 0.028125 0.05
8 0.21406250000000002 0.54921875 0.018750000000000003 0.0484375
8 0.28125 0.57578125 0.03125 0.0546875
8 0.37031250000000004 0.5234375 0.05625 0.10312500000000001
8 0.41171875 0.68125 0.07968750000000001 0.15625
8 0.22812500000000002 0.7367187500000001 0.05 0.09531250000000001
8 0.09375 0.8210937500000001 0.037500000000000006 0.0703125
8 0.14296875 0.85703125 0.0578125 0.1265625
8 0.19375 0.90546875 0.0625 0.11406250000000001
8 0.21640625000000002 0.9484375 0.0390625 0.084375
8 0.16484375 0.63828125 0.0234375 0.051562500000000004
8 0.53046875 0.9234375 0.09531250000000001 0.115625
8 0.5515625000000001 0.46015625000000004 0.05 0.09843750000000001