2 0.7734375 0.2578125 0.08125 0.1375
2 0.8132812500000001 0.40156250000000004 0.0765625 0.1375
2 0.8445312500000001 0.5554687500000001 0.06406250000000001 0.0578125
2 0.7054687500000001 0.5320312500000001 0.0671875 0.07968750000000001
2 0.67109375 0.31562500000000004 0.0390625 0.046875
2 0.5242187500000001 0.42031250000000003 0.0546875 0.053125000000000006
2 0.46171875 0.525 0.0890625 0.05625
2 0.321875 0.45156250000000003 0.07500000000000001 0.07187500000000001
2 0.12265625000000001 0.5796875 0.08281250000000001 0.053125000000000006
2 0.20546875 0.7953125000000001 0.07968750000000001 0.07187500000000001
2 0.2890625 0.68671875 0.05 0.0578125
2 0.29140625000000003 0.884375 0.1171875 0.146875
2 0.41718750000000004 0.7054687500000001 0.059375000000000004 0.0671875
2 0.49296875 0.5734375 0.08281250000000001 0.06875
2 0.57578125 0.6531250000000001 0.06406250000000001 0.12812500000000002
2 0.659375 0.7054687500000001 0.053125000000000006 0.0421875
2 0.7359375 0.7195312500000001 0.040625 0.0484375
2 0.59296875 0.8640625000000001 0.1265625 0.140625
2 0.5125000000000001 0.7765625 0.07187500000000001 0.065625