2 0.8757812500000001 0.71484375 0.2484375 0.2484375
2 0.65546875 0.23203125000000002 0.1234375 0.07968750000000001
2 0.91015625 0.27578125000000003 0.1046875 0.0703125
2 0.45156250000000003 0.35703125 0.16562500000000002 0.11406250000000001
2 0.42578125 0.11093750000000001 0.1390625 0.10312500000000001
2 0.2 0.2515625 0.1375 0.1
2 0.15156250000000002 0.38984375000000004 0.15625 0.1640625
2 0.043750000000000004 0.42812500000000003 0.06875 0.06875
2 0.40546875000000004 0.7156250000000001 0.1640625 0.16562500000000002
11 0.5875 0.96875 0.078125 0.0625
11 0.41484375 0.8796875000000001 0.060937500000000006 0.084375
11 0.2734375 0.70234375 0.065625 0.0703125
0 0.2703125 0.10078125 0.034375 0.06406250000000001
0 0.3203125 0.50546875 0.06875 0.0921875
0 0.7367187500000001 0.4390625 0.0546875 0.1
0 0.9703125 0.50703125 0.059375000000000004 0.1203125
8 0.08750000000000001 0.240625 0.1125 0.09062500000000001
13 0.46484375 0.503125 0.2078125 0.215625
13 0.60859375 0.0921875 0.2015625 0.15000000000000002
13 0.8968750000000001 0.15390625000000002 0.08750000000000001 0.1171875
3 0.640625 0.8015625000000001 0.1 0.13125
4 0.2625 0.98203125 0.07500000000000001 0.035937500000000004
4 0.27578125000000003 0.9625 0.07968750000000001 0.07500000000000001
8 0.284375 0.215625 0.059375000000000004 0.046875
2 0.13203125000000002 0.5390625 0.15781250000000002 0.1375
11 0.85546875 0.9234375 0.1203125 0.10625000000000001