8 0.5265625 0.27265625 0.078125 0.15156250000000002
8 0.41250000000000003 0.48281250000000003 0.06875 0.059375000000000004
8 0.40859375000000003 0.56875 0.060937500000000006 0.09062500000000001
8 0.734375 0.19062500000000002 0.07187500000000001 0.11875000000000001
8 0.6960937500000001 0.5476562500000001 0.0546875 0.08281250000000001
8 0.671875 0.66328125 0.043750000000000004 0.0578125
8 0.6015625 0.6671875 0.046875 0.07187500000000001
8 0.503125 0.7742187500000001 0.028125 0.0484375
8 0.41640625000000003 0.784375 0.06406250000000001 0.08125
8 0.32734375000000004 0.90390625 0.0546875 0.06406250000000001
8 0.25625000000000003 0.74765625 0.084375 0.09843750000000001
8 0.16562500000000002 0.8070312500000001 0.10625000000000001 0.1484375
8 0.47890625000000003 0.8984375 0.060937500000000006 0.06875
8 0.4078125 0.95234375 0.0625 0.0671875
8 0.5609375 0.9 0.043750000000000004 0.065625
8 0.6117187500000001 0.9070312500000001 0.035937500000000004 0.0328125