13 0.3515625 0.31562500000000004 0.09062500000000001 0.065625
13 0.9539062500000001 0.33437500000000003 0.0890625 0.046875
13 0.81171875 0.32890625 0.1390625 0.0484375
13 0.8515625 0.30703125000000003 0.0625 0.029687500000000002
13 0.8460937500000001 0.25078125 0.0546875 0.0234375
13 0.72578125 0.2734375 0.0734375 0.025
13 0.7562500000000001 0.28828125 0.03125 0.0171875
13 0.95703125 0.30312500000000003 0.0421875 0.018750000000000003
11 0.53671875 0.41328125000000004 0.0203125 0.029687500000000002
11 0.42265625 0.4265625 0.0234375 0.021875000000000002
11 0.5125000000000001 0.48125 0.034375 0.034375
11 0.5984375000000001 0.54609375 0.037500000000000006 0.051562500000000004
11 0.6101562500000001 0.4421875 0.026562500000000003 0.037500000000000006
11 0.7210937500000001 0.47500000000000003 0.026562500000000003 0.037500000000000006