5 0.4859375 0.828125 0.278125 0.25
5 0.6171875 0.41875 0.15625 0.15937500000000002
2 0.6765625000000001 0.6468750000000001 0.16562500000000002 0.15000000000000002
2 0.78046875 0.55078125 0.18906250000000002 0.1171875
2 0.95703125 0.2328125 0.051562500000000004 0.096875
2 0.48046875 0.2921875 0.1296875 0.14375000000000002
2 0.38593750000000004 0.14296875 0.16875 0.1296875
11 0.22734375 0.0484375 0.1390625 0.096875
7 0.060937500000000006 0.13046875 0.08750000000000001 0.09531250000000001
0 0.13203125000000002 0.0328125 0.1203125 0.065625
13 0.09531250000000001 0.60546875 0.184375 0.1859375