8 0.84296875 0.5281250000000001 0.045312500000000006 0.03125
8 0.81015625 0.49062500000000003 0.0390625 0.028125
8 0.78046875 0.48203125 0.035937500000000004 0.026562500000000003
8 0.6734375 0.6195312500000001 0.043750000000000004 0.0546875
2 0.7359375 0.57421875 0.06875 0.060937500000000006
2 0.6804687500000001 0.59765625 0.0921875 0.0921875
9 0.61640625 0.7625000000000001 0.0734375 0.065625
9 0.6726562500000001 0.9031250000000001 0.045312500000000006 0.05625
9 0.540625 0.96796875 0.05625 0.06406250000000001
9 0.5015625 0.8406250000000001 0.05 0.053125000000000006
11 0.44843750000000004 0.6390625000000001 0.040625 0.043750000000000004
0 0.4734375 0.7000000000000001 0.028125 0.037500000000000006
7 0.5437500000000001 0.5421875 0.028125 0.040625
7 0.5390625 0.58125 0.025 0.03125
2 0.5109375 0.52109375 0.078125 0.0765625
0 0.50703125 0.48203125 0.0234375 0.035937500000000004
0 0.5164062500000001 0.47890625000000003 0.0171875 0.0328125
2 0.5546875 0.43281250000000004 0.05 0.025
2 0.51953125 0.38046875 0.029687500000000002 0.029687500000000002
2 0.38828125 0.41250000000000003 0.0578125 0.037500000000000006
0 0.37343750000000003 0.37343750000000003 0.015625 0.03125
13 0.36796875 0.3328125 0.0328125 0.028125
2 0.42734375 0.32421875 0.0484375 0.0390625
11 0.18906250000000002 0.34296875000000004 0.015625 0.026562500000000003
0 0.2390625 0.2625 0.03125 0.021875000000000002
7 0.15000000000000002 0.27734375 0.015625 0.0234375
15 0.10234375000000001 0.2265625 0.0671875 0.06875
15 0.15703125 0.22187500000000002 0.060937500000000006 0.05625
15 0.21171875 0.20859375000000002 0.060937500000000006 0.051562500000000004
13 0.34921875 0.20625000000000002 0.035937500000000004 0.07500000000000001
13 0.2546875 0.11796875000000001 0.034375 0.035937500000000004
13 0.29921875000000003 0.11796875000000001 0.060937500000000006 0.0484375
13 0.22187500000000002 0.3484375 0.040625 0.028125
2 0.22265625 0.421875 0.0421875 0.03125
2 0.2 0.446875 0.053125000000000006 0.037500000000000006
2 0.22109375 0.47109375000000003 0.0390625 0.026562500000000003
4 0.19296875000000002 0.478125 0.0171875 0.03125
2 0.16718750000000002 0.51328125 0.046875 0.0421875
9 0.24921875000000002 0.50703125 0.029687500000000002 0.029687500000000002
2 0.11796875000000001 0.40390625 0.0578125 0.0390625
2 0.07968750000000001 0.4453125 0.043750000000000004 0.043750000000000004
2 0.20546875 0.59921875 0.0734375 0.0546875
9 0.084375 0.59296875 0.037500000000000006 0.045312500000000006
0 0.0203125 0.66953125 0.03125 0.035937500000000004
0 0.21406250000000002 0.7210937500000001 0.037500000000000006 0.0328125
9 0.20390625 0.7000000000000001 0.029687500000000002 0.034375
2 0.33671875 0.52890625 0.0546875 0.0484375
3 0.328125 0.5609375 0.021875000000000002 0.043750000000000004
11 0.35703125 0.6218750000000001 0.026562500000000003 0.025
3 0.36015625 0.71875 0.0234375 0.046875
9 0.3515625 0.92890625 0.059375000000000004 0.0578125