7 0.059375000000000004 0.353125 0.09375 0.13125
7 0.35703125 0.34921875 0.0671875 0.0671875
7 0.35703125 0.6507812500000001 0.07968750000000001 0.11406250000000001
7 0.51015625 0.8718750000000001 0.0765625 0.07187500000000001
7 0.6820312500000001 0.8445312500000001 0.0734375 0.0734375
7 0.6492187500000001 0.6937500000000001 0.0421875 0.059375000000000004
7 0.6359375 0.465625 0.05 0.046875
7 0.5640625 0.34453125 0.07187500000000001 0.0734375
7 0.57421875 0.23359375000000002 0.0421875 0.051562500000000004
13 0.9085937500000001 0.48203125 0.0734375 0.11406250000000001
13 0.8625 0.1375 0.0625 0.134375
13 0.8226562500000001 0.26796875000000003 0.045312500000000006 0.060937500000000006
13 0.8671875 0.240625 0.037500000000000006 0.05625
13 0.97265625 0.6781250000000001 0.0484375 0.10625000000000001
13 0.95703125 0.7078125000000001 0.0421875 0.09062500000000001
13 0.9906250000000001 0.76328125 0.018750000000000003 0.0890625
13 0.96484375 0.328125 0.0390625 0.07500000000000001
13 0.74140625 0.06484375 0.0390625 0.060937500000000006