2 0.09609375 0.6984375 0.0921875 0.109375
2 0.3140625 0.546875 0.08750000000000001 0.09375
5 0.8757812500000001 0.6125 0.09843750000000001 0.146875
5 0.9140625 0.50234375 0.08125 0.0671875
5 0.515625 0.95703125 0.0625 0.0734375
11 0.6585937500000001 0.82734375 0.0421875 0.0578125
11 0.7484375000000001 0.7445312500000001 0.03125 0.0390625
1 0.22031250000000002 0.83125 0.053125000000000006 0.03125
1 0.390625 0.7859375000000001 0.040625 0.043750000000000004
8 0.5734375 0.6804687500000001 0.07187500000000001 0.060937500000000006
8 0.7000000000000001 0.4921875 0.05625 0.040625
7 0.5359375000000001 0.6109375 0.018750000000000003 0.05
7 0.44375000000000003 0.4296875 0.034375 0.034375
16 0.09062500000000001 0.5750000000000001 0.037500000000000006 0.096875
16 0.28046875 0.7296875 0.029687500000000002 0.07500000000000001
3 0.1796875 0.71875 0.040625 0.043750000000000004
4 0.31796875 0.63828125 0.026562500000000003 0.060937500000000006
3 0.38828125 0.634375 0.026562500000000003 0.05625
4 0.58203125 0.465625 0.0203125 0.037500000000000006
10 0.47109375000000003 0.52578125 0.0578125 0.0578125
10 0.26406250000000003 0.47187500000000004 0.09375 0.07187500000000001
0 0.7523437500000001 0.5734375 0.0390625 0.09062500000000001
0 0.80234375 0.38203125000000004 0.0421875 0.11093750000000001