5 0.81015625 0.5640625 0.0546875 0.053125000000000006
5 0.734375 0.5750000000000001 0.028125 0.025
5 0.6859375000000001 0.54609375 0.025 0.0234375
5 0.63984375 0.5015625 0.026562500000000003 0.025
5 0.63203125 0.46328125000000003 0.0234375 0.0390625
5 0.690625 0.41953125 0.03125 0.0203125
5 0.671875 0.38593750000000004 0.028125 0.021875000000000002
5 0.70078125 0.47265625 0.0171875 0.0171875
5 0.7312500000000001 0.46718750000000003 0.015625 0.03125
13 0.7273437500000001 0.37812500000000004 0.0203125 0.018750000000000003
16 0.75 0.446875 0.0125 0.015625
16 0.784375 0.46171875 0.015625 0.010937500000000001
16 0.8226562500000001 0.4859375 0.010937500000000001 0.015625
16 0.8296875 0.50390625 0.0125 0.0078125
16 0.86484375 0.52265625 0.010937500000000001 0.0328125
1 0.8343750000000001 0.5281250000000001 0.009375000000000001 0.0125
1 0.8406250000000001 0.47734375 0.0125 0.010937500000000001
1 0.80390625 0.49609375 0.0078125 0.0140625
1 0.7757812500000001 0.49062500000000003 0.0140625 0.009375000000000001
1 0.7609375 0.51015625 0.009375000000000001 0.0171875
1 0.784375 0.52890625 0.018750000000000003 0.010937500000000001
0 0.71796875 0.45 0.010937500000000001 0.0125
15 0.6937500000000001 0.70625 0.109375 0.109375
15 0.6335937500000001 0.91015625 0.1171875 0.1796875
15 0.46406250000000004 0.40703125 0.043750000000000004 0.08281250000000001
15 0.6101562500000001 0.30625 0.045312500000000006 0.046875
13 0.31484375000000003 0.8609375 0.0328125 0.078125
13 0.11640625 0.66796875 0.051562500000000004 0.051562500000000004
13 0.10546875 0.62421875 0.0328125 0.0328125
15 0.046875 0.6921875000000001 0.059375000000000004 0.24375000000000002
15 0.9789062500000001 0.5703125 0.0390625 0.040625