8 0.8265625000000001 0.2234375 0.12812500000000002 0.10625000000000001
8 0.86484375 0.41796875 0.0921875 0.09531250000000001
8 0.9765625 0.5265625 0.046875 0.07500000000000001
8 0.69296875 0.3875 0.13593750000000002 0.140625
8 0.5164062500000001 0.22031250000000002 0.0921875 0.09375
8 0.41796875 0.26875 0.0578125 0.05
8 0.49296875 0.36953125000000003 0.09531250000000001 0.0546875
8 0.33046875000000003 0.40468750000000003 0.1015625 0.09375
8 0.1203125 0.24453125 0.11875000000000001 0.07968750000000001
8 0.05234375 0.35546875 0.060937500000000006 0.1015625
8 0.12734375 0.3875 0.0765625 0.043750000000000004
8 0.10234375000000001 0.42578125 0.0890625 0.0890625
8 0.14921875 0.54453125 0.1171875 0.0703125
8 0.1265625 0.65546875 0.1 0.0921875
8 0.16796875 0.78671875 0.0765625 0.0859375
8 0.2703125 0.53828125 0.09062500000000001 0.08281250000000001
8 0.45390625 0.55078125 0.1265625 0.07968750000000001
8 0.359375 0.64375 0.125 0.109375
8 0.32890625 0.8382812500000001 0.1078125 0.09843750000000001
8 0.4234375 0.80078125 0.10625000000000001 0.0890625
8 0.40703125 0.9304687500000001 0.1078125 0.0921875
8 0.659375 0.6648437500000001 0.10625000000000001 0.0859375