13 0.5546875 0.28359375000000003 0.08750000000000001 0.18281250000000002
2 0.20390625 0.71015625 0.0765625 0.0671875
2 0.1203125 0.5046875000000001 0.078125 0.05625
2 0.31562500000000004 0.37578125 0.078125 0.0859375
2 0.49453125000000003 0.3375 0.0765625 0.08125
2 0.6953125 0.259375 0.07500000000000001 0.16875
2 0.78828125 0.325 0.08281250000000001 0.146875
2 0.7351562500000001 0.52265625 0.08281250000000001 0.0765625
2 0.6570312500000001 0.484375 0.0703125 0.07500000000000001
2 0.5734375 0.56015625 0.06875 0.1296875
2 0.6625000000000001 0.6125 0.053125000000000006 0.05625
2 0.7367187500000001 0.6218750000000001 0.045312500000000006 0.053125000000000006
2 0.52578125 0.521875 0.0890625 0.05625
2 0.49453125000000003 0.45937500000000003 0.0703125 0.065625
2 0.41718750000000004 0.61640625 0.065625 0.0859375
2 0.5109375 0.6859375000000001 0.06875 0.07187500000000001
2 0.58984375 0.77265625 0.1296875 0.1484375
2 0.28750000000000003 0.6039062500000001 0.053125000000000006 0.060937500000000006
2 0.2890625 0.7976562500000001 0.12187500000000001 0.15781250000000002
2 0.61484375 0.34296875000000004 0.060937500000000006 0.0484375