0 0.1625 0.421875 0.034375 0.10625000000000001
0 0.23359375000000002 0.37109375 0.0328125 0.09843750000000001
0 0.31171875000000004 0.41250000000000003 0.0171875 0.034375
0 0.34921875 0.32421875 0.06406250000000001 0.060937500000000006
0 0.42734375 0.33203125 0.029687500000000002 0.0421875
0 0.52734375 0.38906250000000003 0.0484375 0.046875
0 0.4859375 0.46953125 0.028125 0.0890625
0 0.79609375 0.5398437500000001 0.0328125 0.035937500000000004
0 0.8070312500000001 0.571875 0.0421875 0.034375
0 0.8054687500000001 0.584375 0.035937500000000004 0.034375
0 0.6507812500000001 0.49453125000000003 0.026562500000000003 0.0328125
0 0.5671875000000001 0.5796875 0.025 0.059375000000000004
0 0.58046875 0.7195312500000001 0.029687500000000002 0.0859375
0 0.5234375 0.7984375 0.046875 0.06875
0 0.5 0.89375 0.028125 0.053125000000000006
0 0.37343750000000003 0.45234375000000004 0.034375 0.1015625
0 0.38593750000000004 0.53671875 0.021875000000000002 0.0734375
0 0.40937500000000004 0.6218750000000001 0.028125 0.08125
0 0.36484375 0.6585937500000001 0.029687500000000002 0.0390625
0 0.34218750000000003 0.67890625 0.03125 0.09843750000000001
0 0.265625 0.51875 0.05625 0.046875
0 0.20390625 0.5859375 0.06406250000000001 0.05