0 0.2703125 0.6890625 0.07187500000000001 0.053125000000000006
0 0.23515625 0.51328125 0.045312500000000006 0.09843750000000001
0 0.39453125 0.63203125 0.06406250000000001 0.0421875
0 0.4078125 0.4453125 0.059375000000000004 0.1125
0 0.48203125 0.3921875 0.045312500000000006 0.040625
0 0.5359375000000001 0.30078125 0.043750000000000004 0.09531250000000001
0 0.6203125 0.37734375000000003 0.040625 0.07968750000000001
0 0.5398437500000001 0.49453125000000003 0.0421875 0.0328125
0 0.57578125 0.5281250000000001 0.0421875 0.05
0 0.5953125 0.6273437500000001 0.046875 0.0421875
0 0.5171875 0.7093750000000001 0.053125000000000006 0.040625
0 0.4734375 0.77890625 0.034375 0.051562500000000004
0 0.5085937500000001 0.8625 0.029687500000000002 0.053125000000000006
0 0.690625 0.703125 0.05 0.043750000000000004
0 0.703125 0.5796875 0.034375 0.065625
0 0.7375 0.49062500000000003 0.03125 0.040625
0 0.7679687500000001 0.7742187500000001 0.0484375 0.0859375
0 0.6570312500000001 0.90625 0.029687500000000002 0.05625
0 0.4109375 0.55390625 0.0625 0.045312500000000006
0 0.81640625 0.49765625 0.0328125 0.0421875
0 0.8914062500000001 0.7015625000000001 0.051562500000000004 0.040625