11 0.9773437500000001 0.41171875 0.045312500000000006 0.09531250000000001
9 0.93671875 0.7835937500000001 0.0890625 0.2015625
0 0.971875 0.95234375 0.05625 0.09531250000000001
0 0.20546875 0.7203125 0.0765625 0.134375
2 0.96484375 0.2 0.0703125 0.184375
2 0.1765625 0.14609375 0.1375 0.1609375
2 0.45234375000000004 0.23984375000000002 0.15156250000000002 0.13593750000000002
2 0.59375 0.14140625 0.134375 0.07968750000000001
2 0.6039062500000001 0.44843750000000004 0.1796875 0.209375
7 0.7296875 0.74609375 0.043750000000000004 0.1234375
9 0.20234375000000002 0.553125 0.11093750000000001 0.146875
2 0.06640625 0.30390625000000004 0.1328125 0.1203125