8 0.24921875000000002 0.1375 0.2171875 0.20625000000000002
8 0.33046875000000003 0.03828125 0.1609375 0.0765625
8 0.5609375 0.030468750000000003 0.096875 0.060937500000000006
8 0.7265625 0.13203125000000002 0.06875 0.1015625
8 0.5296875 0.16640625 0.08125 0.11093750000000001
8 0.46875 0.21796875000000002 0.09062500000000001 0.11093750000000001
8 0.41953125 0.28671875 0.1609375 0.17343750000000002
8 0.60078125 0.21953125 0.07968750000000001 0.0859375
8 0.7484375000000001 0.25 0.07500000000000001 0.07500000000000001
8 0.7875000000000001 0.240625 0.065625 0.07500000000000001
8 0.8343750000000001 0.125 0.034375 0.05
8 0.7585937500000001 0.3953125 0.0484375 0.07187500000000001
8 0.62421875 0.35390625000000003 0.1046875 0.11406250000000001
8 0.7328125000000001 0.45625000000000004 0.1 0.10312500000000001
8 0.71640625 0.4890625 0.0765625 0.09375
8 0.7828125 0.53359375 0.06875 0.0921875
8 0.7156250000000001 0.62421875 0.078125 0.1171875
8 0.784375 0.7132812500000001 0.09375 0.1765625
8 0.7976562500000001 0.921875 0.0921875 0.140625
8 0.63203125 0.790625 0.1421875 0.16562500000000002
8 0.50390625 0.59375 0.09843750000000001 0.13125
8 0.60859375 0.94296875 0.09843750000000001 0.09531250000000001