8 0.60703125 0.0734375 0.1171875 0.146875
8 0.5085937500000001 0.08203125 0.0765625 0.1546875
8 0.41484375 0.13828125 0.1015625 0.15781250000000002
8 0.38046875 0.2890625 0.07968750000000001 0.14375000000000002
8 0.44843750000000004 0.415625 0.1 0.16562500000000002
8 0.76953125 0.38125000000000003 0.1609375 0.20625000000000002
8 0.7875000000000001 0.7484375000000001 0.12187500000000001 0.253125
8 0.56953125 0.7671875 0.11406250000000001 0.15625
8 0.5578125 0.9109375000000001 0.146875 0.125
8 0.92109375 0.81015625 0.1046875 0.1765625
8 0.45703125 0.6640625 0.0703125 0.115625
8 0.42031250000000003 0.665625 0.07187500000000001 0.171875
8 0.41718750000000004 0.8140625 0.09375 0.11875000000000001
8 0.3453125 0.6625000000000001 0.06875 0.09375
8 0.24609375 0.5484375 0.0859375 0.13125
8 0.27734375 0.1 0.1078125 0.171875
8 0.17578125 0.07187500000000001 0.07968750000000001 0.09375
8 0.16015625 0.2109375 0.0703125 0.1375
8 0.184375 0.42421875000000003 0.08750000000000001 0.0890625
8 0.203125 0.60078125 0.07500000000000001 0.1203125
8 0.18359375 0.71875 0.0671875 0.10625000000000001
8 0.07265625 0.58515625 0.045312500000000006 0.0546875
8 0.10859375 0.8070312500000001 0.035937500000000004 0.08281250000000001
8 0.014843750000000001 0.1875 0.029687500000000002 0.115625
8 0.07734375 0.371875 0.07968750000000001 0.1
8 0.06328125 0.43515625 0.051562500000000004 0.09843750000000001