15 0.55703125 0.27187500000000003 0.3359375 0.225
15 0.7734375 0.3453125 0.26875 0.203125
15 0.9070312500000001 0.43281250000000004 0.1203125 0.2625
7 0.6984375 0.5476562500000001 0.0625 0.0859375
0 0.390625 0.44765625000000003 0.1125 0.0859375
0 0.12812500000000002 0.42812500000000003 0.08750000000000001 0.09375
0 0.5796875 0.6140625000000001 0.096875 0.08125
13 0.35234375 0.603125 0.1453125 0.1125
13 0.42109375000000004 0.7671875 0.1484375 0.109375
13 0.20859375000000002 0.7000000000000001 0.1421875 0.1125
13 0.08281250000000001 0.7296875 0.16562500000000002 0.11875000000000001
2 0.18671875000000002 0.8851562500000001 0.18281250000000002 0.2015625
2 0.371875 0.90546875 0.15937500000000002 0.09843750000000001
2 0.640625 0.95625 0.19375 0.08750000000000001