15 0.659375 0.57265625 0.07187500000000001 0.045312500000000006
15 0.41875 0.81953125 0.115625 0.0734375
15 0.13046875 0.63046875 0.0484375 0.07968750000000001
15 0.27109375 0.45703125 0.0546875 0.0578125
15 0.08515625 0.6023437500000001 0.026562500000000003 0.0734375
10 0.21953125 0.90546875 0.0203125 0.0328125
10 0.23515625 0.7828125 0.026562500000000003 0.06875
5 0.50234375 0.625 0.051562500000000004 0.034375
5 0.4390625 0.66796875 0.025 0.0234375
5 0.38984375000000004 0.66171875 0.0234375 0.0203125
5 0.340625 0.63984375 0.025 0.0203125
5 0.32734375000000004 0.603125 0.026562500000000003 0.043750000000000004
5 0.35546875 0.51484375 0.026562500000000003 0.0140625
5 0.37734375000000003 0.53828125 0.026562500000000003 0.0171875
5 0.421875 0.565625 0.0125 0.028125
5 0.3953125 0.5859375 0.015625 0.015625
0 0.33437500000000003 0.5546875 0.015625 0.015625
16 0.434375 0.54140625 0.0125 0.0078125
16 0.46953125 0.540625 0.0140625 0.00625
16 0.5437500000000001 0.56640625 0.00625 0.0328125
16 0.5140625 0.5640625 0.00625 0.0125
1 0.46484375 0.5710937500000001 0.010937500000000001 0.010937500000000001
1 0.45390625 0.59375 0.0078125 0.0125
1 0.4765625 0.603125 0.018750000000000003 0.00625
1 0.4890625 0.5632812500000001 0.00625 0.0140625
1 0.51875 0.58046875 0.00625 0.010937500000000001
5 0.27421875 0.5875 0.0203125 0.046875
15 0.04609375 0.96484375 0.029687500000000002 0.0671875