5 0.48046875 0.34609375000000003 0.0671875 0.0859375
16 0.53046875 0.30859375 0.045312500000000006 0.0328125
1 0.53046875 0.44921875 0.0421875 0.0390625
1 0.60703125 0.403125 0.026562500000000003 0.037500000000000006
16 0.63671875 0.340625 0.035937500000000004 0.03125
16 0.6781250000000001 0.3765625 0.025 0.040625
1 0.67890625 0.28359375000000003 0.035937500000000004 0.0328125
1 0.70625 0.42812500000000003 0.028125 0.034375
16 0.7820312500000001 0.35546875 0.0421875 0.1046875
1 0.5828125000000001 0.5328125 0.0625 0.034375
1 0.5078125 0.53125 0.034375 0.043750000000000004
5 0.6781250000000001 0.58046875 0.19062500000000002 0.1484375
5 0.49609375 0.77109375 0.1046875 0.09843750000000001
5 0.340625 0.796875 0.09375 0.084375
5 0.11406250000000001 0.6820312500000001 0.12187500000000001 0.1609375
5 0.17890625000000002 0.7742187500000001 0.09531250000000001 0.0859375
0 0.25703125 0.61875 0.051562500000000004 0.065625
5 0.215625 0.4765625 0.05 0.059375000000000004
5 0.15703125 0.3796875 0.09843750000000001 0.06875