0 0.5867187500000001 0.884375 0.035937500000000004 0.059375000000000004
0 0.51953125 0.80234375 0.051562500000000004 0.0671875
0 0.42812500000000003 0.75 0.046875 0.08750000000000001
0 0.371875 0.61328125 0.037500000000000006 0.060937500000000006
0 0.15390625000000002 0.6960937500000001 0.0484375 0.045312500000000006
0 0.14296875 0.6859375000000001 0.0484375 0.040625
0 0.13671875 0.65 0.0390625 0.034375
0 0.25390625 0.56171875 0.029687500000000002 0.035937500000000004
0 0.32109375 0.43281250000000004 0.051562500000000004 0.05
0 0.39687500000000003 0.49296875 0.046875 0.09531250000000001
0 0.38359375 0.3484375 0.035937500000000004 0.043750000000000004
0 0.45234375000000004 0.31484375000000003 0.0703125 0.060937500000000006
0 0.58828125 0.32656250000000003 0.0484375 0.09375
0 0.67734375 0.3484375 0.0578125 0.1125
0 0.71484375 0.51328125 0.0703125 0.0546875
0 0.6273437500000001 0.46953125 0.0671875 0.045312500000000006
0 0.5359375000000001 0.38593750000000004 0.025 0.037500000000000006
0 0.49531250000000004 0.43984375000000003 0.053125000000000006 0.09843750000000001
0 0.5234375 0.521875 0.043750000000000004 0.078125
0 0.540625 0.603125 0.043750000000000004 0.08125
0 0.6015625 0.6273437500000001 0.037500000000000006 0.0421875
0 0.63203125 0.63828125 0.0484375 0.09531250000000001