5 0.56796875 0.696875 0.1484375 0.1
5 0.38359375 0.8289062500000001 0.07968750000000001 0.0734375
5 0.24531250000000002 0.81953125 0.07187500000000001 0.060937500000000006
5 0.10234375000000001 0.7671875 0.0671875 0.059375000000000004
5 0.053125000000000006 0.6687500000000001 0.078125 0.12187500000000001
5 0.2 0.46171875 0.078125 0.045312500000000006
5 0.13125 0.40390625 0.084375 0.0328125
5 0.33046875000000003 0.5359375000000001 0.035937500000000004 0.09375
5 0.25078125 0.6039062500000001 0.0484375 0.051562500000000004
13 0.28359375000000003 0.3140625 0.0546875 0.059375000000000004
15 0.0578125 0.25703125 0.053125000000000006 0.045312500000000006
15 0.95234375 0.48984375 0.09531250000000001 0.060937500000000006
16 0.6828125 0.5164062500000001 0.018750000000000003 0.0921875
16 0.5890625 0.51171875 0.03125 0.026562500000000003
16 0.5640625 0.4765625 0.028125 0.021875000000000002
16 0.46875 0.4578125 0.040625 0.021875000000000002
16 0.36562500000000003 0.46796875000000004 0.037500000000000006 0.029687500000000002
0 0.28359375000000003 0.5171875 0.029687500000000002 0.046875
1 0.42500000000000004 0.6179687500000001 0.025 0.045312500000000006
1 0.45234375000000004 0.54921875 0.0328125 0.026562500000000003
1 0.5242187500000001 0.5164062500000001 0.0171875 0.035937500000000004
1 0.6109375 0.5625 0.021875000000000002 0.03125
1 0.603125 0.43046875 0.028125 0.0234375
1 0.4921875 0.6328125 0.05 0.009375000000000001