13 0.43515625 0.7375 0.0203125 0.021875000000000002
13 0.46171875 0.8640625000000001 0.010937500000000001 0.015625
13 0.37343750000000003 0.8125 0.018750000000000003 0.009375000000000001
13 0.33828125000000003 0.7859375000000001 0.0078125 0.015625
13 0.35000000000000003 0.77109375 0.00625 0.010937500000000001
13 0.36484375 0.7625000000000001 0.010937500000000001 0.015625
13 0.3296875 0.75390625 0.0125 0.010937500000000001
13 0.29140625000000003 0.84375 0.0171875 0.015625
13 0.29765625 0.81015625 0.010937500000000001 0.010937500000000001
13 0.27890625 0.7859375000000001 0.0203125 0.018750000000000003
13 0.246875 0.75703125 0.009375000000000001 0.0171875
13 0.29296875 0.7507812500000001 0.0171875 0.010937500000000001