2 0.47578125000000004 0.0671875 0.11406250000000001 0.11875000000000001
2 0.5484375 0.52734375 0.11875000000000001 0.09843750000000001
2 0.59921875 0.60859375 0.1484375 0.1078125
2 0.025 0.6140625000000001 0.05 0.096875
4 0.7781250000000001 0.84296875 0.09375 0.1015625
7 0.41875 0.42500000000000004 0.037500000000000006 0.059375000000000004
7 0.7109375 0.2109375 0.037500000000000006 0.043750000000000004
0 0.1921875 0.27890625 0.084375 0.051562500000000004
15 0.30781250000000004 0.1875 0.265625 0.140625
15 0.53359375 0.19062500000000002 0.2984375 0.17500000000000002
15 0.8914062500000001 0.0328125 0.1296875 0.065625