4 0.5671875000000001 0.7078125000000001 0.021875000000000002 0.043750000000000004
4 0.7351562500000001 0.5234375 0.0234375 0.025
4 0.6359375 0.5046875000000001 0.025 0.028125
4 0.7640625000000001 0.62265625 0.018750000000000003 0.0390625
4 0.78046875 0.75 0.0328125 0.040625
5 0.37812500000000004 0.7421875 0.08750000000000001 0.115625
5 0.49453125000000003 0.59140625 0.1046875 0.1078125
5 0.43359375 0.45 0.0546875 0.059375000000000004
5 0.30546875 0.33437500000000003 0.0546875 0.07500000000000001
5 0.19609375 0.45078125 0.051562500000000004 0.0859375
5 0.23125 0.603125 0.05625 0.05625
5 0.6664062500000001 0.42812500000000003 0.045312500000000006 0.046875
5 0.74609375 0.3796875 0.0859375 0.096875
5 0.5921875 0.30781250000000004 0.05625 0.065625
5 0.46015625000000004 0.32890625 0.051562500000000004 0.0921875