8 0.02109375 0.7296875 0.0421875 0.21875
8 0.40859375000000003 0.7390625000000001 0.09843750000000001 0.215625
8 0.5085937500000001 0.81640625 0.0921875 0.20468750000000002
8 0.5593750000000001 0.59765625 0.07500000000000001 0.1484375
8 0.5164062500000001 0.51875 0.0703125 0.08125
8 0.6648437500000001 0.51484375 0.051562500000000004 0.0703125
8 0.721875 0.37734375000000003 0.053125000000000006 0.1015625
8 0.7523437500000001 0.43281250000000004 0.0390625 0.08750000000000001
8 0.68359375 0.2109375 0.045312500000000006 0.06875
8 0.7054687500000001 0.1265625 0.0765625 0.12187500000000001
8 0.75703125 0.18125000000000002 0.0421875 0.07500000000000001
8 0.64453125 0.035937500000000004 0.06406250000000001 0.07187500000000001
8 0.57265625 0.02109375 0.0703125 0.0421875
8 0.6101562500000001 0.09843750000000001 0.0484375 0.10312500000000001
8 0.62109375 0.14296875 0.051562500000000004 0.0734375
8 0.5609375 0.275 0.07187500000000001 0.14375000000000002
8 0.49453125000000003 0.26640625 0.0578125 0.11406250000000001
8 0.47578125000000004 0.39921875 0.0765625 0.1046875
8 0.32578125 0.2546875 0.1328125 0.209375
8 0.15546875000000002 0.1078125 0.15781250000000002 0.215625
8 0.21484375 0.36250000000000004 0.1328125 0.16562500000000002