2 0.8382812500000001 0.7609375 0.2265625 0.2
2 0.7125 0.25078125 0.115625 0.0546875
2 0.9546875 0.33906250000000004 0.09062500000000001 0.05
2 0.48515625 0.33515625000000004 0.1546875 0.08281250000000001
2 0.5109375 0.0921875 0.12812500000000002 0.07500000000000001
2 0.25859375 0.18828125 0.1265625 0.0734375
2 0.18125000000000002 0.3140625 0.13125 0.1375
2 0.0625 0.33125000000000004 0.06875 0.053125000000000006
2 0.36562500000000003 0.6765625000000001 0.140625 0.134375
11 0.49296875 0.9554687500000001 0.0703125 0.0484375
11 0.33984375 0.8390625 0.0484375 0.07500000000000001
11 0.23750000000000002 0.640625 0.053125000000000006 0.059375000000000004
0 0.359375 0.0546875 0.021875000000000002 0.059375000000000004
0 0.32421875 0.45703125 0.051562500000000004 0.08281250000000001
0 0.7515625 0.46718750000000003 0.037500000000000006 0.09375
0 0.9750000000000001 0.578125 0.05 0.1125
7 0.984375 0.77109375 0.03125 0.0765625
8 0.14921875 0.15703125 0.09843750000000001 0.0703125
8 0.04609375 0.07421875 0.0890625 0.0734375
13 0.46796875000000004 0.48125 0.1765625 0.178125
13 0.6960937500000001 0.10703125000000001 0.18281250000000002 0.1078125
13 0.96796875 0.21875 0.06406250000000001 0.10625000000000001
3 0.5796875 0.8031250000000001 0.078125 0.115625
4 0.1640625 0.9382812500000001 0.059375000000000004 0.08281250000000001
4 0.18515625000000002 0.89609375 0.0671875 0.0671875
8 0.35000000000000003 0.16796875 0.053125000000000006 0.035937500000000004
2 0.13125 0.45546875000000003 0.140625 0.1078125
11 0.7671875 0.9593750000000001 0.10625000000000001 0.08125