8 0.8546875 0.32265625000000003 0.109375 0.08281250000000001
8 0.8289062500000001 0.5171875 0.0703125 0.078125
8 0.9171875 0.66015625 0.065625 0.060937500000000006
8 0.6726562500000001 0.44375000000000003 0.0890625 0.11875000000000001
8 0.55859375 0.23593750000000002 0.0671875 0.06875
8 0.44921875 0.25859375 0.0546875 0.0328125
8 0.48515625 0.37343750000000003 0.0890625 0.040625
8 0.5476562500000001 0.6882812500000001 0.0921875 0.0703125
8 0.38984375000000004 0.5265625 0.11093750000000001 0.0625
8 0.3203125 0.36015625 0.078125 0.0703125
8 0.17109375000000002 0.15156250000000002 0.11093750000000001 0.05625
8 0.057031250000000006 0.23203125000000002 0.0703125 0.0859375
8 0.13125 0.28984375 0.07187500000000001 0.029687500000000002
8 0.09609375 0.31953125000000004 0.0703125 0.0671875
8 0.10078125 0.4453125 0.1078125 0.046875
8 0.04453125 0.5390625 0.07968750000000001 0.08125
8 0.21953125 0.4734375 0.0671875 0.07500000000000001
8 0.27578125000000003 0.5867187500000001 0.1046875 0.08281250000000001
8 0.2828125 0.7546875000000001 0.084375 0.065625
8 0.17578125 0.77265625 0.0859375 0.0734375
8 0.22265625 0.875 0.0890625 0.07187500000000001
8 0.040625 0.67734375 0.053125000000000006 0.08281250000000001