13 0.45234375000000004 0.7515625 0.0328125 0.028125
13 0.5359375000000001 0.70234375 0.028125 0.0234375
5 0.5046875000000001 0.8046875 0.025 0.034375
5 0.65 0.7445312500000001 0.015625 0.0140625
5 0.6414062500000001 0.7210937500000001 0.0140625 0.0140625
15 0.70625 0.6937500000000001 0.037500000000000006 0.037500000000000006
15 0.753125 0.7117187500000001 0.028125 0.07968750000000001
8 0.72265625 0.80625 0.0203125 0.0125
8 0.6726562500000001 0.82734375 0.0171875 0.0203125
8 0.62109375 0.7796875000000001 0.0203125 0.009375000000000001
8 0.6109375 0.7625000000000001 0.018750000000000003 0.015625
8 0.6000000000000001 0.78046875 0.015625 0.0171875
8 0.6218750000000001 0.81015625 0.015625 0.010937500000000001
8 0.64765625 0.77734375 0.0140625 0.0171875
8 0.6078125000000001 0.7296875 0.015625 0.009375000000000001
8 0.59921875 0.7156250000000001 0.0140625 0.0125
8 0.6156250000000001 0.71015625 0.015625 0.0140625
8 0.56796875 0.6953125 0.0140625 0.0125
8 0.4890625 0.7375 0.015625 0.018750000000000003
8 0.5171875 0.78046875 0.018750000000000003 0.0203125
8 0.59140625 0.7312500000000001 0.0078125 0.0125
8 0.6359375 0.7015625000000001 0.009375000000000001 0.0125
8 0.690625 0.77734375 0.015625 0.0171875
8 0.67109375 0.7742187500000001 0.0171875 0.0203125
8 0.6570312500000001 0.759375 0.0203125 0.015625
8 0.6734375 0.74609375 0.009375000000000001 0.010937500000000001
8 0.7132812500000001 0.81953125 0.0140625 0.0171875
0 0.5164062500000001 0.71640625 0.0203125 0.0171875
8 0.4421875 0.7203125 0.0125 0.009375000000000001
0 0.5867187500000001 0.82578125 0.0140625 0.0203125
2 0.6039062500000001 0.6937500000000001 0.026562500000000003 0.015625