11 0.584375 0.95703125 0.046875 0.035937500000000004
13 0.23359375000000002 0.55390625 0.1765625 0.1390625
13 0.7140625 0.3171875 0.1375 0.096875
8 0.7125 0.465625 0.10312500000000001 0.08750000000000001
8 0.43281250000000004 0.4921875 0.084375 0.078125
8 0.6265625 0.6101562500000001 0.1 0.06406250000000001
8 0.5640625 0.7195312500000001 0.1125 0.0921875
8 0.21406250000000002 0.3828125 0.065625 0.05
5 0.47890625000000003 0.8453125 0.1203125 0.1625
0 0.8765625 0.940625 0.065625 0.046875
0 0.60078125 0.390625 0.1078125 0.08125