8 0.046875 0.7171875000000001 0.07187500000000001 0.184375
8 0.209375 0.7820312500000001 0.078125 0.1328125
8 0.321875 0.68515625 0.043750000000000004 0.0765625
8 0.35781250000000003 0.61484375 0.05 0.0765625
8 0.40703125 0.63984375 0.0421875 0.07968750000000001
8 0.46484375 0.63203125 0.0421875 0.0890625
8 0.515625 0.5875 0.03125 0.065625
8 0.56015625 0.53359375 0.0234375 0.051562500000000004
8 0.6125 0.41015625 0.021875000000000002 0.0578125
8 0.6421875 0.34921875 0.018750000000000003 0.0578125
8 0.6804687500000001 0.18984375 0.0203125 0.045312500000000006
8 0.70078125 0.084375 0.026562500000000003 0.09375
8 0.721875 0.051562500000000004 0.025 0.05625
8 0.68515625 0.07734375 0.0234375 0.060937500000000006
8 0.65234375 0.045312500000000006 0.0328125 0.06875
8 0.65234375 0.1234375 0.0234375 0.05625
8 0.6351562500000001 0.2234375 0.0234375 0.065625
8 0.61484375 0.29296875 0.0234375 0.051562500000000004
8 0.6179687500000001 0.32265625000000003 0.0234375 0.0421875
8 0.6351562500000001 0.30234375 0.0171875 0.0421875
8 0.5875 0.215625 0.043750000000000004 0.06875
8 0.5593750000000001 0.20078125000000002 0.040625 0.0765625
8 0.55390625 0.1234375 0.051562500000000004 0.08750000000000001
8 0.62265625 0.134375 0.026562500000000003 0.053125000000000006
8 0.47578125000000004 0.28125 0.0390625 0.046875
8 0.41250000000000003 0.17343750000000002 0.078125 0.146875
8 0.309375 0.18906250000000002 0.12187500000000001 0.19375
8 0.4609375 0.4 0.046875 0.09375
8 0.50625 0.40937500000000004 0.037500000000000006 0.07500000000000001
8 0.5375 0.41953125 0.025 0.060937500000000006
8 0.54609375 0.46171875 0.0234375 0.0484375
8 0.5710937500000001 0.45156250000000003 0.0234375 0.053125000000000006
8 0.58046875 0.38906250000000003 0.029687500000000002 0.037500000000000006
8 0.56640625 0.31328125 0.035937500000000004 0.060937500000000006
8 0.6703125000000001 0.16015625 0.034375 0.0765625
8 0.40859375000000003 0.014843750000000001 0.07968750000000001 0.029687500000000002