2 0.66796875 0.6960937500000001 0.0765625 0.045312500000000006
2 0.5710937500000001 0.7132812500000001 0.045312500000000006 0.06406250000000001
2 0.5398437500000001 0.78125 0.0484375 0.05
2 0.5796875 0.77265625 0.05 0.035937500000000004
2 0.4734375 0.71484375 0.037500000000000006 0.0546875
2 0.34296875000000004 0.73984375 0.0546875 0.0734375
2 0.38125000000000003 0.8289062500000001 0.059375000000000004 0.0703125
2 0.4390625 0.89453125 0.10625000000000001 0.1078125
2 0.18515625000000002 0.89765625 0.09531250000000001 0.13593750000000002
2 0.11484375000000001 0.796875 0.0671875 0.053125000000000006
2 0.22187500000000002 0.70078125 0.043750000000000004 0.0484375
2 0.29921875000000003 0.5789062500000001 0.0578125 0.1265625
2 0.27578125000000003 0.50390625 0.0578125 0.0390625
2 0.07421875 0.571875 0.0734375 0.043750000000000004
2 0.45390625 0.6796875 0.0546875 0.053125000000000006
2 0.4609375 0.60546875 0.0625 0.0484375