7 0.259375 0.19609375 0.05625 0.0734375
7 0.40468750000000003 0.31171875000000004 0.09062500000000001 0.11093750000000001
7 0.340625 0.50703125 0.05625 0.0703125
7 0.64375 0.38984375000000004 0.096875 0.11093750000000001
7 0.70234375 0.19296875000000002 0.0671875 0.08281250000000001
7 0.80234375 0.59921875 0.06406250000000001 0.1015625
7 0.48125 0.64453125 0.040625 0.051562500000000004
7 0.5484375 0.79296875 0.065625 0.0921875
7 0.721875 0.7375 0.078125 0.08125
7 0.7046875 0.8453125 0.053125000000000006 0.065625
13 0.09296875 0.8210937500000001 0.060937500000000006 0.0703125
13 0.1078125 0.7718750000000001 0.0625 0.09062500000000001