15 0.9593750000000001 0.42890625000000004 0.08125 0.08281250000000001
13 0.36640625000000004 0.24296875 0.1296875 0.0859375
13 0.465625 0.35000000000000003 0.078125 0.046875
13 0.7132812500000001 0.521875 0.0765625 0.10625000000000001
13 0.2234375 0.21875 0.03125 0.040625
13 0.27578125000000003 0.240625 0.0671875 0.043750000000000004
2 0.05 0.30859375 0.065625 0.045312500000000006
2 0.02421875 0.2625 0.0421875 0.040625
2 0.11015625000000001 0.48984375 0.0484375 0.06406250000000001
2 0.32656250000000003 0.5171875 0.1 0.084375
0 0.36562500000000003 0.40156250000000004 0.025 0.046875
0 0.3359375 0.6937500000000001 0.034375 0.05
0 0.109375 0.7609375 0.034375 0.05
0 0.390625 0.43671875000000004 0.025 0.045312500000000006
7 0.521875 0.35234375 0.025 0.029687500000000002
7 0.1875 0.84296875 0.040625 0.035937500000000004
7 0.13671875 0.6843750000000001 0.029687500000000002 0.05625
7 0.3984375 0.5242187500000001 0.028125 0.035937500000000004
16 0.0625 0.1625 0.046875 0.028125
7 0.48671875000000003 0.50390625 0.029687500000000002 0.0484375
8 0.48046875 0.6296875000000001 0.035937500000000004 0.043750000000000004
8 0.7210937500000001 0.73984375 0.0328125 0.035937500000000004
8 0.7484375000000001 0.7835937500000001 0.053125000000000006 0.0328125
8 0.7757812500000001 0.5515625000000001 0.045312500000000006 0.040625
8 0.8109375000000001 0.50546875 0.043750000000000004 0.035937500000000004
8 0.9007812500000001 0.5593750000000001 0.051562500000000004 0.046875
5 0.52578125 0.73828125 0.0765625 0.0703125
5 0.6156250000000001 0.9070312500000001 0.046875 0.0578125
5 0.36171875000000003 0.9203125000000001 0.0484375 0.09375
5 0.22187500000000002 0.9085937500000001 0.065625 0.060937500000000006
3 0.14296875 0.84765625 0.0390625 0.0390625
11 0.171875 0.6117187500000001 0.034375 0.0390625
11 0.10234375000000001 0.55859375 0.0171875 0.0390625
11 0.29140625000000003 0.6156250000000001 0.0484375 0.05
8 0.69453125 0.44375000000000003 0.051562500000000004 0.037500000000000006
2 0.6570312500000001 0.609375 0.0390625 0.037500000000000006
4 0.025 0.50390625 0.025 0.0484375
2 0.39140625 0.328125 0.0671875 0.028125
2 0.27578125000000003 0.30000000000000004 0.0484375 0.03125