8 0.48515625 0.6117187500000001 0.1046875 0.1046875
8 0.7406250000000001 0.48046875 0.11875000000000001 0.1078125
8 0.8125 0.3296875 0.07187500000000001 0.053125000000000006
8 0.7890625 0.2859375 0.07500000000000001 0.059375000000000004
8 0.8890625000000001 0.17265625 0.08750000000000001 0.0578125
8 0.9640625 0.17109375000000002 0.07187500000000001 0.11093750000000001
8 0.85703125 0.0390625 0.0703125 0.034375
8 0.76875 0.10312500000000001 0.059375000000000004 0.046875
8 0.7625000000000001 0.046875 0.037500000000000006 0.043750000000000004
8 0.703125 0.047656250000000004 0.06875 0.060937500000000006
8 0.659375 0.0921875 0.05625 0.043750000000000004
8 0.5875 0.13203125000000002 0.059375000000000004 0.0484375
8 0.54609375 0.0734375 0.0328125 0.028125
8 0.48671875000000003 0.140625 0.0546875 0.046875
8 0.40859375000000003 0.14921875 0.0390625 0.0390625
8 0.40156250000000004 0.28671875 0.053125000000000006 0.0546875
8 0.42578125 0.35781250000000003 0.0765625 0.07187500000000001
8 0.50234375 0.27734375 0.060937500000000006 0.060937500000000006
8 0.6078125000000001 0.19140625 0.03125 0.045312500000000006
8 0.7046875 0.1765625 0.053125000000000006 0.05
8 0.640625 0.022656250000000003 0.040625 0.029687500000000002
8 0.6312500000000001 0.004687500000000001 0.037500000000000006 0.009375000000000001
8 0.6781250000000001 0.025781250000000002 0.03125 0.0234375