8 0.35468750000000004 0.05 0.078125 0.1
8 0.19765625 0.15859375 0.0734375 0.1046875
8 0.20078125000000002 0.240625 0.060937500000000006 0.096875
8 0.15625 0.2859375 0.040625 0.078125
8 0.13593750000000002 0.24531250000000002 0.034375 0.07187500000000001
8 0.1 0.24531250000000002 0.037500000000000006 0.084375
8 0.07968750000000001 0.375 0.043750000000000004 0.059375000000000004
8 0.15000000000000002 0.6015625 0.053125000000000006 0.096875
8 0.19765625 0.73828125 0.0484375 0.0890625
8 0.21796875000000002 0.79296875 0.0203125 0.026562500000000003
8 0.20078125000000002 0.6296875000000001 0.045312500000000006 0.084375
8 0.2265625 0.584375 0.037500000000000006 0.043750000000000004
8 0.23046875 0.46640625 0.051562500000000004 0.09843750000000001
8 0.27187500000000003 0.45546875000000003 0.065625 0.0859375
8 0.34609375000000003 0.4 0.0546875 0.10625000000000001
8 0.38906250000000003 0.31875000000000003 0.07187500000000001 0.1
8 0.4734375 0.28125 0.078125 0.109375
8 0.46875 0.41640625000000003 0.09375 0.09531250000000001
8 0.34609375000000003 0.5710937500000001 0.0765625 0.1078125
8 0.33125000000000004 0.68125 0.053125000000000006 0.06875
8 0.30234375 0.7421875 0.0546875 0.07500000000000001
8 0.38203125000000004 0.6953125 0.0734375 0.09375
8 0.52734375 0.63984375 0.0734375 0.09843750000000001
8 0.584375 0.56953125 0.09375 0.13593750000000002
8 0.73984375 0.34140625 0.18906250000000002 0.18906250000000002
8 0.88671875 0.48125 0.1640625 0.2625
8 0.77734375 0.6820312500000001 0.1453125 0.2015625
8 0.6828125 0.61484375 0.059375000000000004 0.1296875
8 0.565625 0.7718750000000001 0.1 0.14375000000000002
8 0.4421875 0.8359375 0.06875 0.096875
8 0.5328125 0.9140625 0.053125000000000006 0.08750000000000001
8 0.47187500000000004 0.9500000000000001 0.053125000000000006 0.040625
8 0.32421875 0.9296875 0.0578125 0.096875
8 0.525 0.032031250000000004 0.12187500000000001 0.06406250000000001