8 0.3203125 0.09609375 0.09375 0.1921875
8 0.42265625 0.11171875 0.0578125 0.1484375
8 0.51953125 0.1453125 0.0859375 0.14375000000000002
8 0.56640625 0.28750000000000003 0.06406250000000001 0.134375
8 0.51171875 0.42812500000000003 0.08281250000000001 0.153125
8 0.19062500000000002 0.46640625 0.140625 0.1859375
8 0.20546875 0.8343750000000001 0.0921875 0.240625
8 0.42109375000000004 0.8046875 0.09843750000000001 0.140625
8 0.446875 0.94453125 0.134375 0.1015625
8 0.060937500000000006 0.925 0.12187500000000001 0.15000000000000002
8 0.5242187500000001 0.6781250000000001 0.0578125 0.109375
8 0.5609375 0.67109375 0.053125000000000006 0.1640625
8 0.5765625 0.81796875 0.084375 0.1046875
8 0.6351562500000001 0.6507812500000001 0.0578125 0.0859375
8 0.72265625 0.5171875 0.0734375 0.11875000000000001
8 0.6531250000000001 0.078125 0.09062500000000001 0.15625
8 0.74921875 0.034375 0.0703125 0.06875
8 0.77890625 0.1625 0.0546875 0.13125
8 0.7734375 0.3796875 0.078125 0.078125
8 0.77109375 0.55859375 0.060937500000000006 0.11093750000000001
8 0.7984375 0.671875 0.05625 0.096875
8 0.8984375 0.51484375 0.040625 0.0484375
8 0.88046875 0.7429687500000001 0.026562500000000003 0.07968750000000001
8 0.93671875 0.1046875 0.051562500000000004 0.109375
8 0.875 0.30312500000000003 0.06875 0.09062500000000001
8 0.89453125 0.36328125 0.0421875 0.0921875
8 0.978125 0.20625000000000002 0.025 0.084375