0 0.49375 0.68125 0.009375000000000001 0.046875
0 0.43828125 0.72421875 0.0203125 0.0171875
0 0.43359375 0.67578125 0.0140625 0.051562500000000004
0 0.44843750000000004 0.75546875 0.018750000000000003 0.0171875
0 0.47968750000000004 0.7468750000000001 0.009375000000000001 0.05
0 0.42812500000000003 0.640625 0.015625 0.015625
0 0.41484375 0.8359375 0.0171875 0.021875000000000002
0 0.41250000000000003 0.8125 0.009375000000000001 0.021875000000000002
0 0.30625 0.8250000000000001 0.0125 0.018750000000000003
0 0.33046875000000003 0.875 0.010937500000000001 0.037500000000000006
0 0.35625 0.8203125 0.00625 0.021875000000000002
0 0.36250000000000004 0.8250000000000001 0.009375000000000001 0.021875000000000002
0 0.37812500000000004 0.8070312500000001 0.0125 0.0171875
0 0.33046875000000003 0.76953125 0.010937500000000001 0.0140625
0 0.35000000000000003 0.6609375000000001 0.015625 0.018750000000000003
0 0.37578125 0.8656250000000001 0.0140625 0.021875000000000002