7 0.29765625 0.49843750000000003 0.060937500000000006 0.046875
7 0.5015625 0.515625 0.03125 0.05
7 0.42265625 0.45703125 0.0546875 0.0328125
7 0.45703125 0.41015625 0.035937500000000004 0.045312500000000006
7 0.43125 0.3796875 0.025 0.025
7 0.6046875 0.4234375 0.043750000000000004 0.043750000000000004
7 0.64765625 0.46484375 0.0328125 0.026562500000000003
7 0.7515625 0.5203125000000001 0.034375 0.03125
7 0.7265625 0.55 0.053125000000000006 0.05
7 0.8359375 0.609375 0.043750000000000004 0.034375
13 0.36953125000000003 0.8187500000000001 0.2890625 0.259375