2 0.796875 0.17578125 0.05 0.1484375
2 0.734375 0.17343750000000002 0.028125 0.037500000000000006
2 0.8546875 0.29453125 0.059375000000000004 0.1328125
2 0.7210937500000001 0.3921875 0.0578125 0.07500000000000001
2 0.56953125 0.24765625000000002 0.051562500000000004 0.0421875
2 0.48671875000000003 0.3328125 0.0859375 0.040625
2 0.50625 0.3875 0.07500000000000001 0.05
2 0.40468750000000003 0.5007812500000001 0.05625 0.0703125
2 0.48281250000000003 0.58984375 0.0625 0.0578125
2 0.56640625 0.484375 0.0390625 0.12812500000000002
2 0.640625 0.55390625 0.05 0.035937500000000004
2 0.7140625 0.58515625 0.03125 0.0390625
2 0.54296875 0.6960937500000001 0.1046875 0.1296875
2 0.28359375000000003 0.45156250000000003 0.0421875 0.046875
2 0.17890625000000002 0.53515625 0.0671875 0.051562500000000004
2 0.24375000000000002 0.64375 0.09375 0.13125
2 0.36328125 0.2265625 0.0671875 0.059375000000000004
2 0.1421875 0.31015625 0.07187500000000001 0.0390625
2 0.8523437500000001 0.44921875 0.0546875 0.045312500000000006