15 0.57734375 0.7835937500000001 0.0859375 0.0734375
15 0.6492187500000001 0.8718750000000001 0.0484375 0.043750000000000004
15 0.28750000000000003 0.8851562500000001 0.07500000000000001 0.0734375
15 0.08671875000000001 0.8132812500000001 0.0734375 0.0703125
15 0.109375 0.5476562500000001 0.059375000000000004 0.0765625
15 0.2890625 0.4578125 0.05 0.043750000000000004
10 0.084375 0.8546875 0.03125 0.040625
10 0.140625 0.73828125 0.040625 0.0734375
5 0.27890625 0.625 0.0328125 0.046875
5 0.28046875 0.66796875 0.029687500000000002 0.0234375
5 0.31484375000000003 0.7171875000000001 0.029687500000000002 0.028125
5 0.35390625000000003 0.7484375000000001 0.029687500000000002 0.025
5 0.42421875000000003 0.7453125 0.0578125 0.053125000000000006
5 0.37421875000000004 0.6429687500000001 0.0203125 0.0328125
5 0.34453125 0.6453125000000001 0.0171875 0.018750000000000003
5 0.34453125 0.59296875 0.0328125 0.0234375
5 0.33359375 0.55859375 0.0328125 0.0234375
13 0.3875 0.5593750000000001 0.021875000000000002 0.021875000000000002
0 0.3640625 0.628125 0.0125 0.015625
16 0.3921875 0.628125 0.0125 0.0125
16 0.42421875000000003 0.64609375 0.0140625 0.0140625
16 0.45234375000000004 0.690625 0.010937500000000001 0.009375000000000001
16 0.44921875 0.6726562500000001 0.010937500000000001 0.010937500000000001
16 0.47968750000000004 0.7117187500000001 0.0125 0.029687500000000002
1 0.45156250000000003 0.7125 0.009375000000000001 0.0125
1 0.43359375 0.67890625 0.0078125 0.0140625
1 0.40859375000000003 0.671875 0.0140625 0.009375000000000001
1 0.39296875000000003 0.6882812500000001 0.010937500000000001 0.0140625
1 0.46640625 0.6687500000000001 0.010937500000000001 0.009375000000000001