8 0.051562500000000004 0.50625 0.10312500000000001 0.225
8 0.29921875000000003 0.5125000000000001 0.0765625 0.146875
8 0.30625 0.21875 0.065625 0.1
8 0.39296875000000003 0.11171875 0.045312500000000006 0.1171875
8 0.43515625 0.040625 0.029687500000000002 0.059375000000000004
8 0.4859375 0.05078125 0.03125 0.060937500000000006
8 0.52265625 0.065625 0.0234375 0.059375000000000004
8 0.51015625 0.10625000000000001 0.0328125 0.05625
8 0.5593750000000001 0.0234375 0.028125 0.043750000000000004
8 0.58359375 0.1796875 0.0203125 0.053125000000000006
8 0.55703125 0.2015625 0.0171875 0.053125000000000006
8 0.5328125 0.1921875 0.021875000000000002 0.08750000000000001
8 0.44062500000000004 0.19296875000000002 0.028125 0.07968750000000001
8 0.46875 0.30312500000000003 0.03125 0.096875
8 0.5078125 0.321875 0.043750000000000004 0.06875
8 0.53046875 0.3359375 0.0203125 0.046875
8 0.5484375 0.27734375 0.018750000000000003 0.060937500000000006
8 0.5789062500000001 0.31640625 0.0171875 0.0578125
8 0.5734375 0.43359375 0.018750000000000003 0.0734375
8 0.525 0.4609375 0.040625 0.053125000000000006
8 0.4578125 0.40156250000000004 0.03125 0.08750000000000001
8 0.42500000000000004 0.484375 0.040625 0.096875
8 0.50234375 0.57578125 0.029687500000000002 0.0703125
8 0.5546875 0.56875 0.021875000000000002 0.05
8 0.54140625 0.6796875 0.026562500000000003 0.053125000000000006
8 0.5437500000000001 0.7140625 0.018750000000000003 0.037500000000000006
8 0.5390625 0.83125 0.025 0.043750000000000004
8 0.4265625 0.796875 0.05 0.109375
8 0.4765625 0.62265625 0.025 0.026562500000000003
8 0.42734375 0.9554687500000001 0.0578125 0.0890625
8 0.36484375 0.9304687500000001 0.0765625 0.1078125
8 0.31093750000000003 0.9328125 0.025 0.09375