2 0.40703125 0.7273437500000001 0.0171875 0.0234375
2 0.4078125 0.6640625 0.018750000000000003 0.05625
2 0.4109375 0.6140625000000001 0.021875000000000002 0.034375
2 0.45 0.6109375 0.009375000000000001 0.018750000000000003
2 0.503125 0.640625 0.015625 0.018750000000000003
2 0.45156250000000003 0.7039062500000001 0.018750000000000003 0.0328125
2 0.453125 0.7859375000000001 0.009375000000000001 0.021875000000000002
2 0.47734375 0.7734375 0.0171875 0.018750000000000003
2 0.5015625 0.74375 0.0125 0.059375000000000004
2 0.5234375 0.703125 0.025 0.018750000000000003
2 0.5296875 0.6781250000000001 0.028125 0.018750000000000003
2 0.5734375 0.6335937500000001 0.021875000000000002 0.029687500000000002
2 0.55703125 0.7484375000000001 0.0203125 0.03125
2 0.5296875 0.78828125 0.021875000000000002 0.026562500000000003
2 0.509375 0.83515625 0.037500000000000006 0.0578125
2 0.60859375 0.8148437500000001 0.0328125 0.0578125
2 0.6328125 0.7703125000000001 0.025 0.018750000000000003
2 0.59765625 0.73203125 0.0140625 0.0234375
2 0.6273437500000001 0.55390625 0.0140625 0.060937500000000006