0 0.4765625 0.77109375 0.021875000000000002 0.0171875
0 0.39687500000000003 0.83515625 0.009375000000000001 0.0328125
4 0.34218750000000003 0.7921875 0.00625 0.015625
4 0.2328125 0.8515625 0.00625 0.021875000000000002
3 0.26015625000000003 0.853125 0.0078125 0.021875000000000002
3 0.1921875 0.87265625 0.009375000000000001 0.0203125
10 0.30781250000000004 0.7679687500000001 0.021875000000000002 0.010937500000000001
5 0.45546875000000003 0.81015625 0.0234375 0.0171875
5 0.43593750000000003 0.8500000000000001 0.025 0.046875
11 0.31328125 0.890625 0.0171875 0.0125
7 0.31640625 0.846875 0.004687500000000001 0.018750000000000003
7 0.29921875000000003 0.8343750000000001 0.010937500000000001 0.015625
16 0.25625000000000003 0.8875000000000001 0.00625 0.040625
16 0.21250000000000002 0.8859375 0.00625 0.028125
1 0.2515625 0.909375 0.0125 0.015625
1 0.18281250000000002 0.92734375 0.021875000000000002 0.010937500000000001
10 0.140625 0.72265625 0.034375 0.010937500000000001