8 0.7585937500000001 0.15546875000000002 0.1328125 0.1796875
8 0.640625 0.18515625000000002 0.053125000000000006 0.06406250000000001
8 0.6062500000000001 0.1453125 0.05 0.08125
8 0.5593750000000001 0.17578125 0.040625 0.0671875
8 0.6078125000000001 0.059375000000000004 0.037500000000000006 0.046875
8 0.56875 0.047656250000000004 0.040625 0.0546875
8 0.7312500000000001 0.08203125 0.046875 0.0421875
8 0.50234375 0.21875 0.045312500000000006 0.09062500000000001
8 0.48359375000000004 0.20546875 0.029687500000000002 0.051562500000000004
8 0.47578125000000004 0.16640625 0.0328125 0.06406250000000001
8 0.56875 0.12265625000000001 0.040625 0.0703125
8 0.634375 0.28515625 0.065625 0.1171875
8 0.56484375 0.3140625 0.0546875 0.08750000000000001
8 0.63984375 0.4578125 0.0859375 0.12187500000000001
8 0.44921875 0.27890625 0.035937500000000004 0.0671875
8 0.41250000000000003 0.27968750000000003 0.037500000000000006 0.0625
8 0.3609375 0.38671875 0.046875 0.07968750000000001
8 0.45234375000000004 0.359375 0.0578125 0.07500000000000001
8 0.49140625000000004 0.37421875000000004 0.060937500000000006 0.1203125
8 0.43125 0.3515625 0.037500000000000006 0.053125000000000006
8 0.45234375000000004 0.4734375 0.0484375 0.09375
8 0.3765625 0.46406250000000004 0.05625 0.065625
8 0.30625 0.5171875 0.034375 0.053125000000000006
8 0.33984375 0.56953125 0.045312500000000006 0.08281250000000001
8 0.43281250000000004 0.5710937500000001 0.065625 0.11093750000000001
8 0.503125 0.7046875 0.115625 0.184375
8 0.3328125 0.64609375 0.043750000000000004 0.060937500000000006
8 0.26484375 0.628125 0.0328125 0.0625
8 0.246875 0.65 0.025 0.05625
8 0.19609375 0.74765625 0.0328125 0.0578125
8 0.284375 0.8140625 0.059375000000000004 0.115625
8 0.2109375 0.92109375 0.053125000000000006 0.0734375
8 0.13828125 0.91953125 0.0328125 0.0390625
8 0.27265625 0.9484375 0.0671875 0.059375000000000004
8 0.6875 0.9078125 0.15625 0.184375