13 0.6734375 0.42265625 0.06875 0.08281250000000001
13 0.553125 0.34921875 0.065625 0.0765625
13 0.5945312500000001 0.35781250000000003 0.029687500000000002 0.034375
13 0.2828125 0.44843750000000004 0.0625 0.043750000000000004
15 0.56953125 0.44453125000000004 0.15781250000000002 0.051562500000000004
8 0.65390625 0.5750000000000001 0.029687500000000002 0.028125
8 0.5593750000000001 0.496875 0.037500000000000006 0.028125
8 0.565625 0.55 0.028125 0.028125
8 0.48515625 0.54453125 0.035937500000000004 0.0234375
8 0.44921875 0.5085937500000001 0.035937500000000004 0.0234375
8 0.39296875000000003 0.49609375 0.0390625 0.0203125
8 0.403125 0.55390625 0.037500000000000006 0.026562500000000003
8 0.48750000000000004 0.58515625 0.03125 0.0234375
8 0.44296875 0.63984375 0.035937500000000004 0.026562500000000003
13 0.25078125 0.5632812500000001 0.0390625 0.0234375
2 0.11093750000000001 0.6023437500000001 0.065625 0.060937500000000006
2 0.065625 0.6203125 0.046875 0.034375
2 0.15000000000000002 0.49843750000000003 0.046875 0.025
2 0.05859375 0.5007812500000001 0.0390625 0.0234375
5 0.109375 0.8109375000000001 0.05 0.053125000000000006
5 0.21796875000000002 0.8914062500000001 0.0578125 0.0484375
5 0.23593750000000002 0.85078125 0.053125000000000006 0.051562500000000004
5 0.22187500000000002 0.77734375 0.037500000000000006 0.0578125
5 0.24296875 0.75 0.0484375 0.043750000000000004
5 0.27890625 0.76484375 0.0328125 0.0328125
7 0.16171875000000002 0.71796875 0.026562500000000003 0.0328125
7 0.17890625000000002 0.60078125 0.0234375 0.026562500000000003
3 0.16015625 0.5546875 0.0203125 0.034375
0 0.0890625 0.55 0.018750000000000003 0.028125
0 0.2 0.671875 0.025 0.018750000000000003
3 0.055468750000000004 0.64765625 0.0234375 0.035937500000000004
13 0.2421875 0.6687500000000001 0.021875000000000002 0.028125
7 0.31328125 0.56953125 0.029687500000000002 0.029687500000000002
7 0.17734375000000002 0.45078125 0.0203125 0.010937500000000001
11 0.1171875 0.66796875 0.037500000000000006 0.026562500000000003
15 0.9148437500000001 0.45156250000000003 0.1421875 0.040625