8 0.59765625 0.41250000000000003 0.08281250000000001 0.06875
0 0.70078125 0.4921875 0.0578125 0.07500000000000001
8 0.41250000000000003 0.053125000000000006 0.05 0.046875
8 0.39140625 0.034375 0.0421875 0.0125
9 0.5007812500000001 0.0859375 0.08281250000000001 0.1
2 0.44375000000000003 0.084375 0.09062500000000001 0.065625
2 0.42031250000000003 0.109375 0.1125 0.084375
8 0.38359375 0.24609375 0.0859375 0.0734375
11 0.6515625 0.27187500000000003 0.05 0.046875
7 0.7390625000000001 0.14921875 0.0625 0.08281250000000001
2 0.9632812500000001 0.18906250000000002 0.060937500000000006 0.078125
8 0.29921875000000003 0.4265625 0.07968750000000001 0.078125
8 0.325 0.49453125000000003 0.10312500000000001 0.0859375
8 0.41250000000000003 0.46796875000000004 0.07187500000000001 0.060937500000000006
9 0.28671875 0.59140625 0.07968750000000001 0.09531250000000001
8 0.3203125 0.75546875 0.078125 0.07968750000000001
9 0.4578125 0.9109375000000001 0.115625 0.125
9 0.8054687500000001 0.9453125 0.1203125 0.109375
9 0.9296875 0.56640625 0.07500000000000001 0.1265625
2 0.13671875 0.178125 0.0890625 0.109375
9 0.16015625 0.6125 0.07968750000000001 0.08125
9 0.45703125 0.23828125 0.0578125 0.0765625