8 0.19843750000000002 0.18671875000000002 0.19375 0.18281250000000002
8 0.25703125 0.053125000000000006 0.1484375 0.10312500000000001
8 0.48671875000000003 0.032031250000000004 0.0890625 0.0578125
8 0.6671875 0.11406250000000001 0.05625 0.096875
8 0.47968750000000004 0.17578125 0.06875 0.1015625
8 0.42734375 0.23515625 0.0765625 0.1046875
8 0.390625 0.31015625 0.140625 0.15781250000000002
8 0.55859375 0.21875 0.0703125 0.078125
8 0.7078125000000001 0.22812500000000002 0.06875 0.065625
8 0.7453125 0.21250000000000002 0.05625 0.06875
8 0.77265625 0.0921875 0.029687500000000002 0.046875
8 0.74140625 0.37109375 0.0390625 0.0671875
8 0.603125 0.3484375 0.09062500000000001 0.10312500000000001
8 0.72578125 0.434375 0.0890625 0.09062500000000001
8 0.7156250000000001 0.4703125 0.065625 0.08750000000000001
8 0.78828125 0.5046875000000001 0.0578125 0.08750000000000001
8 0.7375 0.6046875 0.0625 0.1125
8 0.81796875 0.6828125 0.0703125 0.171875
8 0.86640625 0.88828125 0.0734375 0.1328125
8 0.68125 0.78125 0.12187500000000001 0.153125
8 0.5234375 0.6039062500000001 0.084375 0.1234375
8 0.6828125 0.93515625 0.08750000000000001 0.08281250000000001