3 0.47890625000000003 0.24609375 0.1296875 0.11093750000000001
2 0.28515625 0.21484375 0.15156250000000002 0.0859375
7 0.17265625 0.15156250000000002 0.09531250000000001 0.06875
3 0.09609375 0.25 0.0765625 0.109375
2 0.12812500000000002 0.42890625000000004 0.25625000000000003 0.2921875
2 0.44375000000000003 0.44062500000000004 0.21875 0.11875000000000001
2 0.23750000000000002 0.59921875 0.1375 0.1609375
2 0.7625000000000001 0.2328125 0.30625 0.37812500000000004
11 0.4734375 0.65 0.153125 0.115625
7 0.29140625000000003 0.6648437500000001 0.1015625 0.0921875
0 0.40937500000000004 0.56875 0.18125000000000002 0.12187500000000001
7 0.12734375 0.7195312500000001 0.1234375 0.1453125
13 0.14296875 0.09453125000000001 0.1765625 0.18906250000000002
9 0.9609375 0.38906250000000003 0.06875 0.14375000000000002