7 0.30625 0.29765625 0.053125000000000006 0.1046875
7 0.58984375 0.30859375 0.0328125 0.0484375
7 0.5867187500000001 0.06484375 0.0421875 0.0484375
7 0.61328125 0.44453125000000004 0.0578125 0.0484375
7 0.45546875000000003 0.49140625000000004 0.060937500000000006 0.0328125
7 0.50234375 0.71875 0.0390625 0.040625
13 0.86328125 0.051562500000000004 0.0546875 0.10312500000000001
13 0.8812500000000001 0.28515625 0.025 0.08281250000000001
13 0.9046875000000001 0.2546875 0.028125 0.10312500000000001
13 0.9203125000000001 0.33906250000000004 0.021875000000000002 0.08750000000000001
13 0.9859375 0.34140625 0.021875000000000002 0.0578125