2 0.1265625 0.6804687500000001 0.15625 0.16718750000000002
2 0.13828125 0.5437500000000001 0.23593750000000002 0.234375
2 0.42421875000000003 0.6726562500000001 0.2765625 0.1453125
2 0.84375 0.8484375000000001 0.23125 0.178125
2 0.7609375 0.48984375 0.17500000000000002 0.1328125
2 0.65 0.09531250000000001 0.2 0.16562500000000002
2 0.925 0.49531250000000004 0.10312500000000001 0.07187500000000001
0 0.553125 0.7195312500000001 0.065625 0.1046875
8 0.2625 0.1171875 0.07187500000000001 0.053125000000000006
8 0.38359375 0.18984375 0.0765625 0.045312500000000006
8 0.33046875000000003 0.23359375000000002 0.06406250000000001 0.0546875
8 0.2109375 0.25546875 0.07500000000000001 0.0671875
8 0.18906250000000002 0.37890625 0.08125 0.08281250000000001
8 0.5125000000000001 0.44453125000000004 0.05625 0.0546875
8 0.45937500000000003 0.33359375 0.05625 0.0484375
8 0.48750000000000004 0.29296875 0.07187500000000001 0.0578125
8 0.24296875 0.9750000000000001 0.1234375 0.05
7 0.69921875 0.8093750000000001 0.07968750000000001 0.096875
8 0.9320312500000001 0.453125 0.1046875 0.07187500000000001