8 0.9015625 0.44453125000000004 0.1625 0.2421875
8 0.6390625000000001 0.4890625 0.09375 0.153125
8 0.6273437500000001 0.19765625 0.07968750000000001 0.1078125
8 0.53828125 0.1015625 0.060937500000000006 0.12187500000000001
8 0.49453125000000003 0.037500000000000006 0.035937500000000004 0.0625
8 0.4453125 0.05390625 0.037500000000000006 0.06406250000000001
8 0.40937500000000004 0.07421875 0.03125 0.060937500000000006
8 0.421875 0.1125 0.040625 0.059375000000000004
8 0.37031250000000004 0.03671875 0.034375 0.0484375
8 0.35000000000000003 0.19687500000000002 0.028125 0.05625
8 0.37734375000000003 0.21406250000000002 0.0234375 0.053125000000000006
8 0.4 0.20234375000000002 0.03125 0.0890625
8 0.49296875 0.19062500000000002 0.035937500000000004 0.08125
8 0.46640625 0.30390625000000004 0.0421875 0.09843750000000001
8 0.42812500000000003 0.32734375000000004 0.053125000000000006 0.0734375
8 0.40546875000000004 0.3453125 0.026562500000000003 0.05
8 0.38671875 0.2890625 0.026562500000000003 0.0625
8 0.35625 0.33125000000000004 0.025 0.059375000000000004
8 0.3640625 0.44843750000000004 0.028125 0.07500000000000001
8 0.41328125000000004 0.46953125 0.0484375 0.0578125
8 0.47890625000000003 0.40156250000000004 0.0421875 0.09062500000000001
8 0.5140625 0.478125 0.053125000000000006 0.1
8 0.43828125 0.58203125 0.0390625 0.0734375
8 0.38515625000000003 0.58046875 0.026562500000000003 0.051562500000000004
8 0.40078125000000003 0.690625 0.0328125 0.05625
8 0.3984375 0.7250000000000001 0.021875000000000002 0.040625
8 0.40546875000000004 0.8421875000000001 0.029687500000000002 0.046875
8 0.51796875 0.7921875 0.06406250000000001 0.115625
8 0.46406250000000004 0.62421875 0.028125 0.029687500000000002
8 0.51875 0.95078125 0.06875 0.09531250000000001
8 0.58125 0.9164062500000001 0.09062500000000001 0.1171875
8 0.6359375 0.9109375000000001 0.037500000000000006 0.096875