2 0.54296875 0.6531250000000001 0.2703125 0.096875
2 0.15000000000000002 0.5109375 0.178125 0.10312500000000001
2 0.12109375 0.884375 0.2421875 0.134375
2 0.8296875 0.47578125000000004 0.21250000000000002 0.20468750000000002
2 0.8656250000000001 0.609375 0.13125 0.14375000000000002
2 0.20468750000000002 0.10234375000000001 0.1875 0.1328125
0 0.40937500000000004 0.7171875000000001 0.053125000000000006 0.1
7 0.035937500000000004 0.56953125 0.07187500000000001 0.060937500000000006
7 0.26015625000000003 0.83125 0.0671875 0.09375
8 0.40859375000000003 0.43515625 0.060937500000000006 0.0546875
8 0.41640625000000003 0.29140625000000003 0.0671875 0.0578125
8 0.45703125 0.3203125 0.06406250000000001 0.05
8 0.5750000000000001 0.20703125 0.05625 0.051562500000000004
8 0.51015625 0.16640625 0.07968750000000001 0.035937500000000004
8 0.6328125 0.07890625000000001 0.065625 0.0390625
8 0.7093750000000001 0.20468750000000002 0.06875 0.05625
8 0.75 0.32265625000000003 0.065625 0.0671875
8 0.79296875 0.9578125000000001 0.1234375 0.084375