8 0.2671875 0.8695312500000001 0.115625 0.1390625
8 0.56640625 0.7781250000000001 0.0890625 0.140625
8 0.5164062500000001 0.66171875 0.1484375 0.16718750000000002
8 0.43281250000000004 0.596875 0.078125 0.096875
8 0.29531250000000003 0.6820312500000001 0.09062500000000001 0.1609375
8 0.1703125 0.63828125 0.06875 0.0859375
8 0.13046875 0.571875 0.0734375 0.1
8 0.10703125000000001 0.48046875 0.026562500000000003 0.0203125
8 0.13046875 0.42890625000000004 0.0546875 0.07968750000000001
8 0.18281250000000002 0.34921875 0.0625 0.0671875
8 0.2171875 0.36484375 0.05625 0.06406250000000001
8 0.26015625000000003 0.23203125000000002 0.0421875 0.0421875
8 0.35000000000000003 0.17500000000000002 0.043750000000000004 0.043750000000000004
8 0.28671875 0.3171875 0.0328125 0.046875
8 0.26406250000000003 0.41875 0.065625 0.05625
8 0.309375 0.5476562500000001 0.06875 0.06406250000000001
8 0.36171875000000003 0.45234375000000004 0.045312500000000006 0.060937500000000006
8 0.415625 0.49296875 0.06875 0.0734375
8 0.3296875 0.3765625 0.06875 0.05
8 0.38125000000000003 0.37421875000000004 0.078125 0.0578125
8 0.43203125000000003 0.29375 0.0421875 0.07500000000000001
8 0.41171875 0.246875 0.0421875 0.05625
8 0.359375 0.26484375 0.043750000000000004 0.0484375
8 0.45859375 0.1484375 0.0390625 0.043750000000000004
8 0.38593750000000004 0.18281250000000002 0.040625 0.05
8 0.56640625 0.1 0.0703125 0.05
8 0.65546875 0.08046875 0.051562500000000004 0.051562500000000004
8 0.759375 0.07890625000000001 0.06875 0.0484375
8 0.8187500000000001 0.1609375 0.1 0.084375
8 0.8851562500000001 0.21640625000000002 0.13593750000000002 0.1078125
8 0.6531250000000001 0.1609375 0.043750000000000004 0.043750000000000004
8 0.58203125 0.17578125 0.051562500000000004 0.0578125
8 0.5015625 0.225 0.05625 0.053125000000000006
8 0.55625 0.31796875 0.0625 0.0703125
8 0.5945312500000001 0.2265625 0.07968750000000001 0.053125000000000006
8 0.63046875 0.28046875 0.0578125 0.0703125
8 0.6921875000000001 0.29375 0.059375000000000004 0.07500000000000001
8 0.7484375000000001 0.31015625 0.109375 0.1046875
8 0.53359375 0.39296875000000003 0.09531250000000001 0.0859375
8 0.6726562500000001 0.4859375 0.07968750000000001 0.096875
8 0.5421875 0.5085937500000001 0.078125 0.11406250000000001