2 0.415625 0.31875000000000003 0.22187500000000002 0.215625
10 0.48671875000000003 0.11875000000000001 0.22031250000000002 0.16875
7 0.065625 0.225 0.09375 0.09062500000000001
10 0.0734375 0.43359375 0.140625 0.1390625
4 0.46875 0.5015625 0.078125 0.12812500000000002
3 0.31796875 0.5625 0.0734375 0.1125
3 0.80234375 0.52109375 0.1015625 0.1015625
16 0.6039062500000001 0.6375000000000001 0.0859375 0.171875
1 0.7921875 0.7734375 0.125 0.08125
1 0.41250000000000003 0.8484375000000001 0.1 0.09375
7 0.013281250000000001 0.6531250000000001 0.026562500000000003 0.10625000000000001
16 0.8859375 0.16953125000000002 0.1 0.2015625
2 0.9078125 0.43203125000000003 0.1125 0.1859375