15 0.2859375 0.12421875 0.08125 0.0921875
15 0.32343750000000004 0.19921875 0.09062500000000001 0.0703125
15 0.3515625 0.259375 0.07187500000000001 0.065625
15 0.390625 0.328125 0.06875 0.084375
15 0.42578125 0.38828125 0.0734375 0.0734375
15 0.46171875 0.43281250000000004 0.0921875 0.078125
15 0.51875 0.5140625 0.10312500000000001 0.096875
15 0.5578125 0.59765625 0.08125 0.0890625
15 0.57734375 0.66328125 0.060937500000000006 0.0578125
15 0.671875 0.7718750000000001 0.096875 0.12187500000000001
15 0.703125 0.8640625000000001 0.15625 0.15625
15 0.9437500000000001 0.53359375 0.09375 0.1203125
15 0.6820312500000001 0.9554687500000001 0.1640625 0.0890625
15 0.88828125 0.7093750000000001 0.051562500000000004 0.109375