7 0.10234375000000001 0.6687500000000001 0.0390625 0.05625
7 0.35000000000000003 0.503125 0.037500000000000006 0.053125000000000006
7 0.16640625 0.5007812500000001 0.035937500000000004 0.0390625
13 0.371875 0.30390625000000004 0.084375 0.08281250000000001
13 0.203125 0.284375 0.09062500000000001 0.05
13 0.73046875 0.26406250000000003 0.11406250000000001 0.11875000000000001
13 0.77109375 0.29296875 0.051562500000000004 0.0421875
13 0.8406250000000001 0.42812500000000003 0.096875 0.125
13 0.08046875 0.24531250000000002 0.0578125 0.05625
2 0.1015625 0.49453125000000003 0.10625000000000001 0.09843750000000001
8 0.7625000000000001 0.6453125000000001 0.043750000000000004 0.046875
8 0.6648437500000001 0.56953125 0.045312500000000006 0.045312500000000006
8 0.55625 0.6023437500000001 0.040625 0.0328125
8 0.56875 0.53515625 0.05 0.051562500000000004
8 0.540625 0.46484375 0.05625 0.051562500000000004
8 0.49609375 0.49843750000000003 0.0578125 0.046875
8 0.4734375 0.4265625 0.043750000000000004 0.043750000000000004
8 0.48046875 0.66015625 0.0546875 0.0578125
2 0.17265625 0.33203125 0.06406250000000001 0.0390625
0 0.16718750000000002 0.6171875 0.040625 0.043750000000000004
13 0.24296875 0.5554687500000001 0.045312500000000006 0.0484375
13 0.31953125000000004 0.41796875 0.0578125 0.0421875
15 0.7109375 0.41484375 0.215625 0.1328125
2 0.6734375 0.49062500000000003 0.05625 0.053125000000000006
0 0.1640625 0.4234375 0.037500000000000006 0.05
0 0.07578125000000001 0.3875 0.026562500000000003 0.040625
2 0.07265625 0.3015625 0.0484375 0.037500000000000006
5 0.09140625000000001 0.828125 0.0546875 0.09375
5 0.14296875 0.89375 0.0671875 0.07500000000000001
5 0.18828125 0.7507812500000001 0.07968750000000001 0.07968750000000001
5 0.23125 0.7828125 0.053125000000000006 0.0625
15 0.9453125 0.5085937500000001 0.109375 0.09531250000000001