0 0.51171875 0.28828125 0.0546875 0.0484375
0 0.73203125 0.33203125 0.0390625 0.1046875
0 0.7820312500000001 0.5046875000000001 0.0703125 0.05625
0 0.6507812500000001 0.51953125 0.06406250000000001 0.045312500000000006
0 0.59921875 0.45859375 0.06406250000000001 0.0484375
0 0.5515625000000001 0.35859375000000004 0.053125000000000006 0.1078125
0 0.45703125 0.47265625 0.0484375 0.035937500000000004
0 0.40078125000000003 0.28671875 0.0484375 0.045312500000000006
0 0.3328125 0.4109375 0.043750000000000004 0.084375
0 0.28359375000000003 0.56875 0.0328125 0.046875
0 0.21796875000000002 0.61875 0.0390625 0.053125000000000006
0 0.4453125 0.52578125 0.040625 0.051562500000000004
0 0.359375 0.6359375 0.034375 0.07500000000000001
0 0.42421875000000003 0.734375 0.0484375 0.053125000000000006
0 0.4859375 0.6625000000000001 0.03125 0.037500000000000006
0 0.5789062500000001 0.65 0.0578125 0.043750000000000004
0 0.6468750000000001 0.6882812500000001 0.040625 0.06406250000000001
0 0.65546875 0.7828125 0.0328125 0.05625
0 0.54609375 0.89609375 0.029687500000000002 0.060937500000000006
0 0.39453125 0.8382812500000001 0.0421875 0.0765625
0 0.24765625000000002 0.8343750000000001 0.051562500000000004 0.043750000000000004