0 0.3953125 0.6875 0.015625 0.037500000000000006
0 0.38671875 0.75 0.0171875 0.040625
0 0.41640625000000003 0.76328125 0.0234375 0.0203125
0 0.43828125 0.7351562500000001 0.0234375 0.0203125
0 0.45703125 0.6960937500000001 0.0234375 0.0484375
0 0.47421875 0.6687500000000001 0.0171875 0.018750000000000003
0 0.5421875 0.7000000000000001 0.018750000000000003 0.015625
0 0.5296875 0.7117187500000001 0.018750000000000003 0.035937500000000004
0 0.484375 0.74140625 0.015625 0.0140625
0 0.48750000000000004 0.76171875 0.015625 0.0203125
0 0.43359375 0.8210937500000001 0.0140625 0.0234375
0 0.42500000000000004 0.83984375 0.021875000000000002 0.0203125
0 0.4703125 0.8234375 0.015625 0.015625
0 0.47421875 0.81640625 0.0140625 0.0140625
0 0.5046875000000001 0.81796875 0.015625 0.0171875
0 0.534375 0.853125 0.0125 0.015625
0 0.48671875000000003 0.83984375 0.010937500000000001 0.0203125
0 0.47968750000000004 0.83984375 0.0125 0.0203125
0 0.45703125 0.8703125 0.0203125 0.015625
3 0.46875 0.9265625000000001 0.021875000000000002 0.046875
0 0.49531250000000004 0.8914062500000001 0.018750000000000003 0.0390625
13 0.44296875 0.984375 0.0578125 0.03125