8 0.8796875000000001 0.26406250000000003 0.16562500000000002 0.19375
8 0.6640625 0.2984375 0.084375 0.125
8 0.659375 0.18515625000000002 0.07187500000000001 0.0921875
8 0.5765625 0.2 0.0625 0.096875
8 0.55703125 0.12578125 0.0421875 0.0890625
8 0.54921875 0.07187500000000001 0.045312500000000006 0.084375
8 0.484375 0.09531250000000001 0.046875 0.084375
8 0.4234375 0.14140625 0.028125 0.060937500000000006
8 0.52265625 0.2234375 0.051562500000000004 0.1125
8 0.45937500000000003 0.30234375 0.040625 0.0734375
8 0.4140625 0.3375 0.03125 0.078125
8 0.42031250000000003 0.25078125 0.021875000000000002 0.0484375
8 0.36171875000000003 0.42265625 0.045312500000000006 0.07968750000000001
8 0.31875000000000003 0.48750000000000004 0.025 0.05625
8 0.35390625000000003 0.5007812500000001 0.029687500000000002 0.060937500000000006
8 0.4078125 0.41640625000000003 0.021875000000000002 0.0328125
8 0.4296875 0.47734375 0.053125000000000006 0.0921875
8 0.4703125 0.45546875000000003 0.040625 0.0734375
8 0.5632812500000001 0.41015625 0.06406250000000001 0.1296875
8 0.6171875 0.44375000000000003 0.06875 0.109375
8 0.7093750000000001 0.5867187500000001 0.125 0.1703125
8 0.465625 0.53671875 0.053125000000000006 0.07968750000000001
8 0.42890625000000004 0.62421875 0.0390625 0.0421875
8 0.48281250000000003 0.7484375000000001 0.08750000000000001 0.12187500000000001
8 0.38828125 0.69921875 0.0546875 0.0890625
8 0.33359375 0.6687500000000001 0.035937500000000004 0.05625
8 0.3953125 0.8328125000000001 0.078125 0.146875
8 0.278125 0.65625 0.034375 0.053125000000000006
8 0.31484375000000003 0.596875 0.035937500000000004 0.0625
8 0.35781250000000003 0.5593750000000001 0.05 0.046875