16 0.86484375 0.6742187500000001 0.0671875 0.1859375
16 0.68359375 0.59921875 0.0734375 0.0671875
16 0.65 0.51328125 0.0625 0.0546875
16 0.46796875000000004 0.42734375 0.0859375 0.0671875
16 0.27265625 0.38593750000000004 0.0765625 0.065625
0 0.09843750000000001 0.42812500000000003 0.065625 0.09375
5 0.025 0.5750000000000001 0.05 0.10312500000000001
5 0.171875 0.49296875 0.10625000000000001 0.1859375
5 0.55859375 0.9085937500000001 0.32656250000000003 0.18281250000000002
13 0.18125000000000002 0.055468750000000004 0.12812500000000002 0.09843750000000001
1 0.40859375000000003 0.5867187500000001 0.0765625 0.0703125
1 0.32265625000000003 0.7039062500000001 0.060937500000000006 0.0765625
1 0.43828125 0.78046875 0.09843750000000001 0.051562500000000004
1 0.56015625 0.5828125000000001 0.0484375 0.07500000000000001
1 0.7484375000000001 0.4578125 0.05625 0.059375000000000004
1 0.70234375 0.7203125 0.0484375 0.0625