0 0.9453125 0.1046875 0.03125 0.178125
0 0.66953125 0.2484375 0.09531250000000001 0.0625
0 0.728125 0.375 0.096875 0.05625
0 0.43125 0.21015625000000002 0.0625 0.0484375
0 0.3875 0.28515625 0.05625 0.0671875
0 0.10234375000000001 0.290625 0.0390625 0.05625
0 0.19921875 0.4234375 0.0234375 0.11875000000000001
0 0.39765625000000004 0.534375 0.0421875 0.05625
0 0.5515625000000001 0.5578125 0.07500000000000001 0.046875
0 0.65234375 0.65390625 0.0421875 0.0859375
0 0.6273437500000001 0.81171875 0.0328125 0.0859375
0 0.39921875 0.94921875 0.026562500000000003 0.0859375
0 0.26406250000000003 0.6257812500000001 0.059375000000000004 0.0671875
0 0.16640625 0.78125 0.045312500000000006 0.13125
0 0.25234375000000003 0.0578125 0.0390625 0.115625
0 0.6335937500000001 0.078125 0.051562500000000004 0.15625
0 0.9500000000000001 0.4140625 0.1 0.065625
0 0.48984375 0.01953125 0.0578125 0.0390625