10 0.36250000000000004 0.79609375 0.025 0.0140625
4 0.39609375 0.8226562500000001 0.0078125 0.0140625
0 0.45078125 0.8695312500000001 0.010937500000000001 0.0328125
5 0.49296875 0.8890625000000001 0.029687500000000002 0.05
5 0.5109375 0.853125 0.025 0.018750000000000003
0 0.5296875 0.8148437500000001 0.021875000000000002 0.0203125
11 0.44375000000000003 0.9320312500000001 0.009375000000000001 0.0140625
11 0.371875 0.91796875 0.018750000000000003 0.0140625
7 0.37265625 0.87265625 0.004687500000000001 0.0203125
7 0.35546875 0.8601562500000001 0.0140625 0.0171875
4 0.29140625000000003 0.87265625 0.0078125 0.0234375
3 0.31875000000000003 0.875 0.009375000000000001 0.018750000000000003
16 0.3140625 0.9070312500000001 0.009375000000000001 0.0390625
1 0.31171875000000004 0.93125 0.0140625 0.015625
16 0.27109375 0.9046875000000001 0.0078125 0.028125
1 0.24296875 0.940625 0.0203125 0.009375000000000001
3 0.24921875000000002 0.8562500000000001 0.0140625 0.018750000000000003