4 0.546875 0.65390625 0.021875000000000002 0.045312500000000006
4 0.74140625 0.48046875 0.0234375 0.0234375
4 0.64609375 0.45546875000000003 0.0234375 0.029687500000000002
4 0.7546875000000001 0.58046875 0.018750000000000003 0.0390625
4 0.74921875 0.7093750000000001 0.0328125 0.040625
5 0.35468750000000004 0.6781250000000001 0.084375 0.115625
5 0.49375 0.53359375 0.10312500000000001 0.1078125
5 0.45625000000000004 0.38906250000000003 0.053125000000000006 0.059375000000000004
5 0.34609375000000003 0.26640625 0.0546875 0.0765625
5 0.21953125 0.37578125 0.0484375 0.0859375
5 0.23125 0.53125 0.05625 0.05625
5 0.6882812500000001 0.38125000000000003 0.045312500000000006 0.046875
5 0.775 0.3375 0.084375 0.096875
5 0.6335937500000001 0.25625000000000003 0.0546875 0.065625
5 0.5 0.26953125 0.05 0.0921875