8 0.92734375 0.07734375 0.045312500000000006 0.1296875
8 0.7140625 0.14453125 0.059375000000000004 0.1234375
8 0.878125 0.20468750000000002 0.046875 0.12187500000000001
8 0.86875 0.35390625000000003 0.037500000000000006 0.1546875
8 0.925 0.42031250000000003 0.040625 0.084375
8 0.9773437500000001 0.42812500000000003 0.0328125 0.09062500000000001
8 0.93359375 0.55703125 0.029687500000000002 0.060937500000000006
8 0.7976562500000001 0.35546875 0.045312500000000006 0.11093750000000001
8 0.6765625000000001 0.41718750000000004 0.0625 0.09062500000000001
8 0.63984375 0.5921875 0.0703125 0.1125
8 0.21250000000000002 0.38515625000000003 0.14375000000000002 0.19843750000000002
8 0.703125 0.6546875000000001 0.034375 0.125
8 0.6335937500000001 0.73359375 0.051562500000000004 0.08281250000000001
8 0.4890625 0.9234375 0.08125 0.1125
8 0.77109375 0.765625 0.0546875 0.059375000000000004
8 0.8070312500000001 0.665625 0.0421875 0.084375
8 0.8601562500000001 0.6648437500000001 0.0484375 0.11406250000000001
8 0.9640625 0.6390625000000001 0.034375 0.07187500000000001
8 0.92109375 0.73046875 0.0578125 0.035937500000000004
8 0.9710937500000001 0.74765625 0.0484375 0.0765625
8 0.9859375 0.8015625000000001 0.028125 0.07500000000000001
8 0.89375 0.85546875 0.040625 0.0484375
8 0.8031250000000001 0.9148437500000001 0.059375000000000004 0.08281250000000001
8 0.7835937500000001 0.8523437500000001 0.0390625 0.060937500000000006
8 0.6921875000000001 0.95703125 0.046875 0.0859375