2 0.6218750000000001 0.83125 0.05625 0.040625
13 0.35546875 0.9109375000000001 0.0484375 0.05
13 0.5515625000000001 0.6429687500000001 0.046875 0.0328125
13 0.84375 0.5703125 0.03125 0.053125000000000006
13 0.67578125 0.45390625 0.0328125 0.035937500000000004
13 0.484375 0.52578125 0.018750000000000003 0.035937500000000004
13 0.42578125 0.48515625 0.051562500000000004 0.0328125
13 0.42421875000000003 0.35781250000000003 0.0671875 0.059375000000000004
13 0.31484375000000003 0.465625 0.0328125 0.037500000000000006
13 0.30703125000000003 0.52109375 0.035937500000000004 0.0390625
13 0.22421875000000002 0.415625 0.035937500000000004 0.037500000000000006
13 0.17734375000000002 0.40937500000000004 0.0171875 0.018750000000000003