8 0.446875 0.6703125000000001 0.12187500000000001 0.12812500000000002
8 0.68125 0.50234375 0.1375 0.13593750000000002
8 0.7328125000000001 0.34453125 0.08125 0.0703125
8 0.7039062500000001 0.30234375 0.0859375 0.0765625
8 0.7875000000000001 0.1765625 0.096875 0.08125
8 0.8656250000000001 0.16328125000000002 0.1 0.1296875
8 0.7367187500000001 0.06328125 0.0734375 0.0203125
8 0.66015625 0.12421875 0.0671875 0.060937500000000006
8 0.64453125 0.06953125 0.045312500000000006 0.045312500000000006
8 0.5867187500000001 0.078125 0.0765625 0.07187500000000001
8 0.55 0.12812500000000002 0.065625 0.05625
8 0.48359375000000004 0.17734375000000002 0.0671875 0.060937500000000006
8 0.43515625 0.125 0.0390625 0.037500000000000006
8 0.38515625000000003 0.2015625 0.06406250000000001 0.059375000000000004
8 0.309375 0.21953125 0.046875 0.0484375
8 0.3203125 0.35703125 0.0625 0.0671875
8 0.35546875 0.42421875000000003 0.0890625 0.0890625
8 0.42031250000000003 0.33359375 0.07187500000000001 0.0765625
8 0.51171875 0.234375 0.0390625 0.053125000000000006
8 0.60546875 0.20546875 0.060937500000000006 0.060937500000000006
8 0.521875 0.06171875 0.043750000000000004 0.0390625
8 0.5078125 0.04609375 0.040625 0.0171875
8 0.55859375 0.05859375 0.035937500000000004 0.0328125