8 0.71796875 0.2265625 0.045312500000000006 0.053125000000000006
8 0.8070312500000001 0.43046875 0.0328125 0.035937500000000004
8 0.63046875 0.41640625000000003 0.0421875 0.0328125
8 0.6179687500000001 0.35781250000000003 0.0484375 0.040625
8 0.5867187500000001 0.31796875 0.0421875 0.0234375
8 0.56640625 0.26406250000000003 0.0234375 0.021875000000000002
8 0.5859375 0.24375000000000002 0.028125 0.037500000000000006
8 0.5085937500000001 0.32656250000000003 0.0390625 0.034375
8 0.31484375000000003 0.22812500000000002 0.0484375 0.05
8 0.096875 0.39609375 0.059375000000000004 0.0484375
8 0.0234375 0.675 0.043750000000000004 0.046875
8 0.11328125 0.578125 0.029687500000000002 0.043750000000000004
8 0.15937500000000002 0.48203125 0.040625 0.035937500000000004
8 0.16562500000000002 0.43046875 0.046875 0.0421875
8 0.18359375 0.45234375000000004 0.0328125 0.0390625
8 0.23046875 0.4453125 0.045312500000000006 0.046875
8 0.21484375 0.484375 0.035937500000000004 0.040625
8 0.19062500000000002 0.5320312500000001 0.05 0.0390625
8 0.22421875000000002 0.58515625 0.045312500000000006 0.029687500000000002
8 0.21953125 0.62421875 0.0421875 0.0390625
8 0.27734375 0.5578125 0.0328125 0.018750000000000003
8 0.32109375 0.5828125000000001 0.045312500000000006 0.040625
8 0.3453125 0.4234375 0.05625 0.028125
8 0.28515625 0.44609375 0.0328125 0.0234375
8 0.29453125 0.3765625 0.0328125 0.046875
8 0.45703125 0.384375 0.0328125 0.046875
8 0.5046875000000001 0.41484375 0.043750000000000004 0.035937500000000004
8 0.5578125 0.46718750000000003 0.037500000000000006 0.037500000000000006
8 0.49609375 0.5242187500000001 0.0421875 0.0328125
8 0.44296875 0.5359375000000001 0.0390625 0.046875
8 0.46953125 0.58828125 0.035937500000000004 0.0390625
8 0.35859375000000004 0.46640625 0.051562500000000004 0.029687500000000002
8 0.3359375 0.48828125 0.040625 0.0484375
8 0.31796875 0.65390625 0.0390625 0.045312500000000006
8 0.36562500000000003 0.27734375 0.025 0.0421875
8 0.41015625 0.38046875 0.026562500000000003 0.0203125