2 0.50625 0.5242187500000001 0.171875 0.1921875
2 0.353125 0.37890625 0.1375 0.1203125
2 0.10703125000000001 0.36250000000000004 0.1296875 0.10312500000000001
2 0.47187500000000004 0.28046875 0.125 0.07968750000000001
2 0.037500000000000006 0.47421875 0.07500000000000001 0.11093750000000001
2 0.26015625000000003 0.053125000000000006 0.1484375 0.10625000000000001
2 0.41875 0.14296875 0.15625 0.1203125
2 0.5945312500000001 0.07421875 0.15156250000000002 0.1015625
2 0.8359375 0.26640625 0.15937500000000002 0.1796875
0 0.80078125 0.05 0.0546875 0.1
4 0.6039062500000001 0.6429687500000001 0.045312500000000006 0.09843750000000001
4 0.5281250000000001 0.7093750000000001 0.09375 0.12812500000000002
4 0.6546875000000001 0.54453125 0.08750000000000001 0.1046875
7 0.62265625 0.7703125000000001 0.0421875 0.1
11 0.57421875 0.80390625 0.0703125 0.0921875
11 0.8171875000000001 0.45234375000000004 0.05625 0.0859375
11 0.9710937500000001 0.5554687500000001 0.045312500000000006 0.06406250000000001
5 0.7921875 0.78125 0.09062500000000001 0.171875