10 0.6414062500000001 0.81015625 0.0234375 0.010937500000000001
10 0.71796875 0.8601562500000001 0.029687500000000002 0.0203125
4 0.7117187500000001 0.8968750000000001 0.0078125 0.021875000000000002
3 0.68515625 0.8953125000000001 0.0078125 0.018750000000000003
16 0.73046875 0.9320312500000001 0.0078125 0.029687500000000002
1 0.69140625 0.953125 0.0171875 0.015625
8 0.6203125 0.91171875 0.025 0.0203125
11 0.6312500000000001 0.9296875 0.018750000000000003 0.015625
7 0.63046875 0.8859375 0.0078125 0.018750000000000003
7 0.64765625 0.875 0.0140625 0.018750000000000003
4 0.60703125 0.83203125 0.0078125 0.0140625
8 0.56640625 0.84296875 0.0203125 0.010937500000000001
5 0.51171875 0.8859375 0.0328125 0.05
5 0.49453125000000003 0.846875 0.026562500000000003 0.018750000000000003
0 0.47500000000000003 0.80625 0.021875000000000002 0.018750000000000003
13 0.6117187500000001 0.9828125000000001 0.026562500000000003 0.034375
1 0.7585937500000001 0.9710937500000001 0.0203125 0.010937500000000001
3 0.7515625 0.9171875 0.009375000000000001 0.018750000000000003
16 0.7921875 0.87265625 0.009375000000000001 0.035937500000000004