7 0.60703125 0.08359375000000001 0.0390625 0.0703125
2 0.57421875 0.24921875000000002 0.1546875 0.09843750000000001
2 0.340625 0.340625 0.18125000000000002 0.15937500000000002
2 0.11640625 0.1765625 0.1765625 0.2
2 0.078125 0.2859375 0.11875000000000001 0.13125
8 0.07265625 0.42031250000000003 0.1265625 0.1
8 0.12187500000000001 0.7671875 0.109375 0.1
8 0.06015625 0.8515625 0.1203125 0.115625
2 0.51484375 0.47734375 0.11406250000000001 0.1640625
2 0.8359375 0.36015625 0.10625000000000001 0.1296875
0 0.7515625 0.8773437500000001 0.1 0.0890625
8 0.42109375000000004 0.09062500000000001 0.0578125 0.043750000000000004
8 0.45078125 0.06796875000000001 0.0546875 0.045312500000000006
8 0.3875 0.034375 0.0625 0.037500000000000006
8 0.045312500000000006 0.017968750000000002 0.043750000000000004 0.035937500000000004
8 0.6531250000000001 0.9703125 0.096875 0.053125000000000006
8 0.8359375 0.9640625 0.059375000000000004 0.0625