8 0.4625 0.29453125 0.084375 0.0703125
0 0.3359375 0.3203125 0.059375000000000004 0.078125
8 0.79296875 0.05625 0.051562500000000004 0.05
8 0.8234375 0.0421875 0.043750000000000004 0.03125
8 0.815625 0.02421875 0.040625 0.0328125
9 0.70078125 0.049218750000000006 0.0859375 0.09843750000000001
2 0.7515625 0.07187500000000001 0.09062500000000001 0.06875
2 0.759375 0.10390625 0.1125 0.0890625
8 0.7289062500000001 0.24296875 0.0859375 0.0765625
11 0.48046875 0.14609375 0.051562500000000004 0.0484375
7 0.45859375 0.01953125 0.06406250000000001 0.0390625
8 0.721875 0.44140625 0.08125 0.07968750000000001
8 0.66796875 0.49062500000000003 0.1046875 0.09062500000000001
8 0.6023437500000001 0.42734375 0.0734375 0.06406250000000001
9 0.6578125 0.5945312500000001 0.08125 0.09531250000000001
8 0.55234375 0.72578125 0.07968750000000001 0.08281250000000001
9 0.359375 0.80390625 0.11875000000000001 0.1296875
9 0.060937500000000006 0.6882812500000001 0.05625 0.13593750000000002
9 0.08828125 0.28125 0.09843750000000001 0.13125
2 0.96640625 0.29140625000000003 0.0671875 0.11093750000000001
9 0.759375 0.66953125 0.08125 0.08281250000000001
9 0.6671875 0.20234375000000002 0.0625 0.07968750000000001