8 0.5890625 0.0671875 0.03125 0.07187500000000001
8 0.578125 0.16015625 0.034375 0.0890625
8 0.62890625 0.17500000000000002 0.0203125 0.040625
8 0.6179687500000001 0.21640625000000002 0.0234375 0.060937500000000006
8 0.6023437500000001 0.23359375000000002 0.0203125 0.045312500000000006
8 0.634375 0.30546875 0.0125 0.0421875
8 0.61640625 0.30000000000000004 0.0171875 0.06875
8 0.5875 0.31015625 0.021875000000000002 0.0546875
8 0.56015625 0.25390625 0.029687500000000002 0.051562500000000004
8 0.56171875 0.35781250000000003 0.0234375 0.05625
8 0.49062500000000003 0.44140625 0.040625 0.0765625
8 0.37890625 0.4765625 0.0546875 0.09062500000000001
8 0.27890625 0.42578125 0.08281250000000001 0.15156250000000002
8 0.22031250000000002 0.43046875 0.065625 0.0859375
8 0.46406250000000004 0.6507812500000001 0.034375 0.0484375
8 0.5234375 0.48281250000000003 0.028125 0.05625
8 0.55234375 0.46484375 0.035937500000000004 0.0671875
8 0.6039062500000001 0.39765625000000004 0.0234375 0.051562500000000004
8 0.60859375 0.47890625000000003 0.0390625 0.0578125
8 0.628125 0.45937500000000003 0.018750000000000003 0.046875
8 0.6546875000000001 0.47109375000000003 0.028125 0.0546875
8 0.63984375 0.5281250000000001 0.0203125 0.037500000000000006
8 0.56171875 0.55625 0.035937500000000004 0.078125
8 0.6046875 0.578125 0.03125 0.05
8 0.6109375 0.62421875 0.018750000000000003 0.0421875
8 0.5984375000000001 0.6546875000000001 0.025 0.046875
8 0.6335937500000001 0.7000000000000001 0.0234375 0.046875
8 0.57421875 0.65390625 0.0234375 0.0671875
8 0.5398437500000001 0.690625 0.0421875 0.065625
8 0.49296875 0.7445312500000001 0.035937500000000004 0.0859375
8 0.52265625 0.90546875 0.029687500000000002 0.07968750000000001
8 0.5867187500000001 0.94453125 0.029687500000000002 0.0484375