8 0.571875 0.921875 0.0625 0.078125
8 0.153125 0.6218750000000001 0.19062500000000002 0.2
8 0.3515625 0.60859375 0.065625 0.1421875
8 0.48828125 0.59140625 0.035937500000000004 0.11406250000000001
8 0.53671875 0.4078125 0.026562500000000003 0.05625
8 0.5828125000000001 0.35625 0.025 0.06875
8 0.63984375 0.415625 0.026562500000000003 0.053125000000000006
8 0.5328125 0.47500000000000003 0.028125 0.065625
8 0.5109375 0.046875 0.037500000000000006 0.053125000000000006
8 0.54140625 0.16718750000000002 0.026562500000000003 0.1
8 0.58515625 0.14609375 0.0390625 0.06406250000000001
8 0.609375 0.14765625000000002 0.018750000000000003 0.0703125
8 0.59609375 0.032031250000000004 0.026562500000000003 0.06406250000000001
8 0.6414062500000001 0.015625 0.010937500000000001 0.03125
8 0.6328125 0.09140625000000001 0.018750000000000003 0.045312500000000006
8 0.6351562500000001 0.16796875 0.0203125 0.051562500000000004
8 0.64609375 0.14609375 0.010937500000000001 0.0421875
8 0.6664062500000001 0.06953125 0.0171875 0.045312500000000006
8 0.671875 0.02421875 0.015625 0.0484375
8 0.6648437500000001 0.23750000000000002 0.010937500000000001 0.05