8 0.3515625 0.27968750000000003 0.13125 0.17500000000000002
8 0.54140625 0.27421875 0.0734375 0.1453125
8 0.72578125 0.35390625000000003 0.0578125 0.07968750000000001
8 0.71875 0.42265625 0.065625 0.0765625
8 0.77265625 0.43671875000000004 0.0390625 0.060937500000000006
8 0.80390625 0.39296875000000003 0.0328125 0.06406250000000001
8 0.853125 0.3828125 0.043750000000000004 0.07500000000000001
8 0.8617187500000001 0.49609375 0.0421875 0.0546875
8 0.7453125 0.7273437500000001 0.043750000000000004 0.09531250000000001
8 0.6890625 0.76484375 0.040625 0.060937500000000006
8 0.6609375000000001 0.7445312500000001 0.025 0.0421875
8 0.6648437500000001 0.63671875 0.051562500000000004 0.08281250000000001
8 0.6125 0.6312500000000001 0.07187500000000001 0.07187500000000001
8 0.53046875 0.6046875 0.06406250000000001 0.09062500000000001
8 0.478125 0.5578125 0.06875 0.096875
8 0.38828125 0.55234375 0.0765625 0.0921875
8 0.384375 0.665625 0.10625000000000001 0.078125
8 0.5078125 0.75703125 0.08125 0.08281250000000001
8 0.5265625 0.8484375000000001 0.05625 0.05625
8 0.55390625 0.8890625000000001 0.060937500000000006 0.065625
8 0.65390625 0.9015625 0.029687500000000002 0.028125
8 0.67890625 0.8515625 0.045312500000000006 0.065625
8 0.084375 0.6921875000000001 0.16875 0.146875
8 0.23515625 0.82734375 0.0890625 0.11406250000000001
8 0.30390625000000004 0.8734375000000001 0.0703125 0.07500000000000001
8 0.4703125 0.87265625 0.06875 0.06406250000000001
8 0.259375 0.96640625 0.084375 0.06406250000000001
8 0.13671875 0.89765625 0.0578125 0.1046875
8 0.04296875 0.9500000000000001 0.0859375 0.1