5 0.109375 0.6898437500000001 0.1 0.1453125
0 0.2578125 0.6531250000000001 0.043750000000000004 0.05625
5 0.26171875 0.50703125 0.051562500000000004 0.0546875
5 0.1875 0.39453125 0.040625 0.0421875
5 0.25078125 0.44765625000000003 0.045312500000000006 0.051562500000000004
5 0.45859375 0.41171875 0.045312500000000006 0.1015625
16 0.38984375000000004 0.39609375 0.0421875 0.026562500000000003
16 0.540625 0.39375000000000004 0.040625 0.025
16 0.6453125000000001 0.44609375 0.03125 0.0234375
16 0.6843750000000001 0.48984375 0.018750000000000003 0.0390625
16 0.78671875 0.48984375 0.026562500000000003 0.1015625
1 0.70859375 0.5476562500000001 0.0234375 0.029687500000000002
1 0.6109375 0.503125 0.021875000000000002 0.034375
1 0.53359375 0.53515625 0.0390625 0.0328125
1 0.50703125 0.61328125 0.029687500000000002 0.035937500000000004
1 0.58125 0.63046875 0.059375000000000004 0.0203125
5 0.6734375 0.6937500000000001 0.17500000000000002 0.1125
1 0.6890625 0.39765625000000004 0.03125 0.026562500000000003
5 0.48515625 0.85078125 0.0921875 0.07968750000000001
5 0.32890625 0.8484375000000001 0.0859375 0.06875
5 0.1640625 0.80078125 0.078125 0.060937500000000006