0 0.5046875000000001 0.690625 0.009375000000000001 0.037500000000000006
0 0.49062500000000003 0.7515625 0.009375000000000001 0.040625
0 0.45859375 0.7523437500000001 0.0203125 0.0171875
0 0.44765625000000003 0.71796875 0.0203125 0.0171875
0 0.4453125 0.675 0.015625 0.046875
0 0.4390625 0.64375 0.015625 0.015625
0 0.36328125 0.64609375 0.0171875 0.0140625
0 0.37031250000000004 0.6609375000000001 0.0125 0.034375
0 0.40234375 0.70625 0.0140625 0.0125
0 0.39140625 0.72265625 0.010937500000000001 0.0171875
0 0.42109375000000004 0.7984375 0.010937500000000001 0.021875000000000002
0 0.42265625 0.81953125 0.0171875 0.0203125
0 0.38593750000000004 0.78671875 0.0125 0.0140625
0 0.384375 0.7781250000000001 0.0125 0.0125
0 0.35625 0.7679687500000001 0.0125 0.0140625
0 0.3140625 0.7890625 0.009375000000000001 0.015625
0 0.36484375 0.7953125000000001 0.0078125 0.018750000000000003
0 0.37031250000000004 0.7984375 0.009375000000000001 0.018750000000000003
0 0.38046875 0.8343750000000001 0.0171875 0.015625
3 0.34921875 0.8812500000000001 0.0140625 0.046875
0 0.3375 0.8382812500000001 0.0125 0.0390625
13 0.3453125 0.96484375 0.046875 0.0703125