13 0.1171875 0.36250000000000004 0.07500000000000001 0.16562500000000002
2 0.2765625 0.2515625 0.059375000000000004 0.1625
2 0.30312500000000003 0.21250000000000002 0.025 0.037500000000000006
2 0.45 0.30859375 0.059375000000000004 0.0546875
2 0.3046875 0.42109375000000004 0.053125000000000006 0.0765625
2 0.25625000000000003 0.6195312500000001 0.037500000000000006 0.0484375
2 0.33359375 0.59921875 0.051562500000000004 0.0421875
2 0.415625 0.5390625 0.0625 0.14375000000000002
2 0.49062500000000003 0.45546875000000003 0.08125 0.0546875
2 0.51875 0.40468750000000003 0.08750000000000001 0.05
2 0.665625 0.325 0.07187500000000001 0.07500000000000001
2 0.8617187500000001 0.434375 0.0765625 0.05
2 0.6984375 0.55625 0.043750000000000004 0.05625
2 0.7898437500000001 0.6546875000000001 0.0765625 0.06875
2 0.71015625 0.7453125 0.1046875 0.140625
2 0.5750000000000001 0.58203125 0.0625 0.0671875
2 0.48203125 0.65625 0.06406250000000001 0.065625
2 0.40859375000000003 0.7468750000000001 0.1234375 0.14375000000000002