13 0.49843750000000003 0.53359375 0.153125 0.2671875
13 0.321875 0.07890625000000001 0.1125 0.1265625
13 0.078125 0.15703125 0.09375 0.11406250000000001
13 0.22734375 0.055468750000000004 0.09531250000000001 0.11093750000000001
2 0.52109375 0.28515625 0.13593750000000002 0.1453125
8 0.40078125000000003 0.037500000000000006 0.045312500000000006 0.059375000000000004
7 0.96875 0.9453125 0.05625 0.109375
0 0.95078125 0.6257812500000001 0.051562500000000004 0.1765625
2 0.40625 0.884375 0.13125 0.22187500000000002
2 0.1046875 0.8343750000000001 0.1 0.09062500000000001
2 0.06171875 0.6296875000000001 0.1234375 0.15625
2 0.125 0.33125000000000004 0.10625000000000001 0.08750000000000001
2 0.23125 0.16328125000000002 0.1375 0.1421875
9 0.22890625 0.9390625 0.051562500000000004 0.12187500000000001