11 0.9148437500000001 0.48203125 0.06406250000000001 0.051562500000000004
5 0.8640625000000001 0.8453125 0.12187500000000001 0.10312500000000001
5 0.47890625000000003 0.49843750000000003 0.0890625 0.115625
5 0.7039062500000001 0.40546875000000004 0.0578125 0.0546875
2 0.9867187500000001 0.43281250000000004 0.026562500000000003 0.07187500000000001
2 0.9171875 0.3796875 0.084375 0.043750000000000004
2 0.8031250000000001 0.125 0.037500000000000006 0.053125000000000006
5 0.4234375 0.73046875 0.0625 0.0703125
15 0.19296875000000002 0.66171875 0.2734375 0.1765625
13 0.3484375 0.59609375 0.08750000000000001 0.08281250000000001
7 0.38046875 0.5710937500000001 0.026562500000000003 0.026562500000000003
13 0.10546875 0.42265625 0.0671875 0.0671875
13 0.61484375 0.39375000000000004 0.1015625 0.15625
7 0.98046875 0.46953125 0.0390625 0.0328125
0 0.93359375 0.43359375 0.07968750000000001 0.045312500000000006