2 0.8234375 0.7937500000000001 0.065625 0.065625
2 0.846875 0.6429687500000001 0.09062500000000001 0.1546875
2 0.86875 0.5007812500000001 0.08750000000000001 0.1609375
2 0.57421875 0.5281250000000001 0.06406250000000001 0.059375000000000004
2 0.371875 0.4625 0.08125 0.08125
2 0.13671875 0.48046875 0.07968750000000001 0.0546875
2 0.25703125 0.6546875000000001 0.051562500000000004 0.059375000000000004
2 0.47734375 0.5906250000000001 0.0890625 0.0625
2 0.48671875000000003 0.6515625 0.07968750000000001 0.065625
2 0.70078125 0.70625 0.0703125 0.084375
2 0.66328125 0.8914062500000001 0.045312500000000006 0.0546875
2 0.59609375 0.8421875000000001 0.0546875 0.046875
2 0.53515625 0.7578125 0.0671875 0.1375
2 0.43281250000000004 0.8382812500000001 0.07500000000000001 0.0765625
2 0.47968750000000004 0.9390625 0.12812500000000002 0.12187500000000001
2 0.37265625 0.73359375 0.06406250000000001 0.07968750000000001
2 0.19062500000000002 0.828125 0.115625 0.15000000000000002
2 0.13984375000000002 0.71640625 0.07968750000000001 0.0734375
2 0.75 0.5007812500000001 0.028125 0.045312500000000006