8 0.4625 0.057031250000000006 0.05625 0.0671875
8 0.49921875000000004 0.13203125000000002 0.1015625 0.1640625
8 0.6203125 0.31093750000000003 0.125 0.1875
8 0.5421875 0.3484375 0.084375 0.1375
8 0.5109375 0.478125 0.043750000000000004 0.05
8 0.54609375 0.59921875 0.0546875 0.09531250000000001
8 0.50234375 0.62421875 0.045312500000000006 0.0671875
8 0.48828125 0.659375 0.035937500000000004 0.065625
8 0.4859375 0.70859375 0.034375 0.06406250000000001
8 0.465625 0.7078125000000001 0.025 0.046875
8 0.446875 0.64375 0.03125 0.043750000000000004
8 0.42265625 0.6843750000000001 0.029687500000000002 0.0625
8 0.390625 0.6312500000000001 0.025 0.059375000000000004
8 0.44609375 0.5554687500000001 0.0421875 0.0734375
8 0.40156250000000004 0.55234375 0.025 0.0484375
8 0.40625 0.58984375 0.025 0.045312500000000006
8 0.3921875 0.58203125 0.021875000000000002 0.045312500000000006
8 0.37890625 0.57578125 0.0234375 0.0484375
8 0.37890625 0.49843750000000003 0.026562500000000003 0.05625
8 0.41484375 0.46328125000000003 0.045312500000000006 0.06406250000000001
8 0.43281250000000004 0.44140625 0.043750000000000004 0.0765625
8 0.4265625 0.35703125 0.05 0.0859375
8 0.37812500000000004 0.40546875000000004 0.028125 0.0421875
8 0.35468750000000004 0.40625 0.025 0.046875
8 0.34296875000000004 0.33046875000000003 0.0328125 0.060937500000000006
8 0.32421875 0.37421875000000004 0.0234375 0.051562500000000004
8 0.35859375000000004 0.14140625 0.051562500000000004 0.0921875
8 0.32343750000000004 0.19765625 0.03125 0.06406250000000001
8 0.309375 0.28750000000000003 0.037500000000000006 0.06875
8 0.27890625 0.24531250000000002 0.029687500000000002 0.0625
8 0.29375 0.36875 0.025 0.046875
8 0.31171875000000004 0.3828125 0.029687500000000002 0.065625
8 0.34140625 0.4421875 0.0328125 0.06875
8 0.33906250000000004 0.478125 0.021875000000000002 0.046875
8 0.4890625 0.8 0.028125 0.05625
8 0.53671875 0.8484375000000001 0.0421875 0.07500000000000001
8 0.5906250000000001 0.8796875000000001 0.05625 0.08750000000000001
8 0.6429687500000001 0.85859375 0.0546875 0.0890625
8 0.6804687500000001 0.8031250000000001 0.06406250000000001 0.08750000000000001
8 0.728125 0.86640625 0.05625 0.09531250000000001
8 0.8484375000000001 0.9164062500000001 0.08750000000000001 0.11093750000000001
8 0.9578125000000001 0.7601562500000001 0.05625 0.1921875