5 0.9125000000000001 0.59921875 0.09062500000000001 0.1453125
0 0.76171875 0.584375 0.0390625 0.05625
5 0.74765625 0.43984375000000003 0.0484375 0.0546875
5 0.8140625 0.31875000000000003 0.037500000000000006 0.040625
5 0.75390625 0.3796875 0.0421875 0.053125000000000006
5 0.54453125 0.375 0.0390625 0.1
16 0.6117187500000001 0.34921875 0.0390625 0.026562500000000003
16 0.46171875 0.36875 0.0421875 0.025
16 0.36015625 0.43593750000000003 0.029687500000000002 0.025
16 0.325 0.48515625 0.015625 0.0390625
16 0.22265625 0.49921875000000004 0.0171875 0.1015625
1 0.30390625000000004 0.54609375 0.0203125 0.029687500000000002
1 0.3984375 0.48671875000000003 0.018750000000000003 0.0328125
1 0.47890625000000003 0.50703125 0.035937500000000004 0.0328125
1 0.51015625 0.58125 0.026562500000000003 0.037500000000000006
1 0.43671875000000004 0.6078125000000001 0.0578125 0.018750000000000003
5 0.35000000000000003 0.6843750000000001 0.16875 0.1125
1 0.3140625 0.39453125 0.028125 0.026562500000000003
5 0.5484375 0.8132812500000001 0.08750000000000001 0.07968750000000001
5 0.7039062500000001 0.7875000000000001 0.07968750000000001 0.06875
5 0.86640625 0.71640625 0.0765625 0.060937500000000006