0 0.88671875 0.4390625 0.0171875 0.06875
0 0.890625 0.54609375 0.037500000000000006 0.0328125
0 0.75390625 0.6125 0.0140625 0.0625
0 0.7390625000000001 0.45859375 0.015625 0.0671875
0 0.790625 0.5203125000000001 0.05 0.018750000000000003
0 0.70078125 0.371875 0.0484375 0.03125
0 0.65625 0.371875 0.037500000000000006 0.025
0 0.6328125 0.43515625 0.0125 0.0203125
0 0.6937500000000001 0.5164062500000001 0.009375000000000001 0.0484375
0 0.728125 0.59765625 0.021875000000000002 0.0234375
0 0.6843750000000001 0.57265625 0.0125 0.051562500000000004
0 0.5945312500000001 0.47109375000000003 0.0140625 0.0578125
0 0.5453125 0.415625 0.037500000000000006 0.028125
0 0.53359375 0.5437500000000001 0.0140625 0.037500000000000006
0 0.6359375 0.7601562500000001 0.018750000000000003 0.035937500000000004
0 0.60859375 0.69296875 0.029687500000000002 0.0390625
0 0.5398437500000001 0.63984375 0.0140625 0.0578125
0 0.44765625000000003 0.48750000000000004 0.0203125 0.021875000000000002
0 0.31875000000000003 0.5171875 0.025 0.018750000000000003
0 0.31484375000000003 0.540625 0.0328125 0.018750000000000003
0 0.8140625 0.40390625 0.015625 0.06406250000000001
0 0.5046875000000001 0.6976562500000001 0.018750000000000003 0.0484375