16 0.80234375 0.71796875 0.0171875 0.035937500000000004
16 0.75390625 0.7898437500000001 0.010937500000000001 0.029687500000000002
10 0.69453125 0.7093750000000001 0.0328125 0.018750000000000003
10 0.6429687500000001 0.6953125 0.0234375 0.015625
4 0.61640625 0.73046875 0.010937500000000001 0.0140625
8 0.5796875 0.7507812500000001 0.021875000000000002 0.0140625
0 0.5710937500000001 0.7820312500000001 0.0171875 0.0328125
5 0.534375 0.80859375 0.037500000000000006 0.051562500000000004
5 0.509375 0.775 0.028125 0.021875000000000002
0 0.48359375000000004 0.7429687500000001 0.0234375 0.0234375
11 0.5906250000000001 0.83984375 0.0125 0.0140625
11 0.659375 0.8148437500000001 0.018750000000000003 0.0171875
8 0.64375 0.8015625000000001 0.028125 0.021875000000000002
7 0.6492187500000001 0.7734375 0.0078125 0.018750000000000003
7 0.6640625 0.759375 0.015625 0.021875000000000002
3 0.703125 0.76875 0.009375000000000001 0.018750000000000003
4 0.7289062500000001 0.7625000000000001 0.010937500000000001 0.021875000000000002
3 0.77109375 0.7703125000000001 0.010937500000000001 0.018750000000000003
1 0.78828125 0.8187500000000001 0.0203125 0.0125
1 0.7210937500000001 0.8171875000000001 0.0171875 0.021875000000000002
5 0.6960937500000001 0.89375 0.026562500000000003 0.028125