13 0.43203125000000003 0.6195312500000001 0.0390625 0.0484375
13 0.403125 0.9242187500000001 0.046875 0.08281250000000001
13 0.4 0.9007812500000001 0.053125000000000006 0.035937500000000004
13 0.6171875 0.8515625 0.065625 0.043750000000000004
13 0.671875 0.65234375 0.05625 0.0328125
13 0.64375 0.5859375 0.028125 0.043750000000000004
13 0.7273437500000001 0.521875 0.0234375 0.03125
13 0.77734375 0.46406250000000004 0.0390625 0.03125
13 0.884375 0.43593750000000003 0.053125000000000006 0.034375
13 0.92109375 0.46406250000000004 0.0421875 0.037500000000000006
13 0.90390625 0.6921875000000001 0.0328125 0.034375
13 0.9609375 0.6023437500000001 0.037500000000000006 0.0671875
13 0.9031250000000001 0.8757812500000001 0.059375000000000004 0.060937500000000006