5 0.478125 0.7601562500000001 0.14375000000000002 0.07968750000000001
5 0.86328125 0.74609375 0.08281250000000001 0.1265625
5 0.90390625 0.584375 0.1078125 0.078125
5 0.9328125 0.48203125 0.08125 0.0484375
5 0.821875 0.521875 0.08750000000000001 0.053125000000000006
5 0.8296875 0.5945312500000001 0.037500000000000006 0.051562500000000004
5 0.7765625 0.61328125 0.065625 0.1453125
5 0.6984375 0.534375 0.043750000000000004 0.09062500000000001
5 0.9906250000000001 0.8054687500000001 0.018750000000000003 0.060937500000000006
0 0.91015625 0.7000000000000001 0.0421875 0.05625
16 0.6312500000000001 0.53046875 0.037500000000000006 0.029687500000000002
16 0.53125 0.6265625 0.021875000000000002 0.040625
16 0.45 0.6390625000000001 0.028125 0.09062500000000001
1 0.66171875 0.6429687500000001 0.035937500000000004 0.035937500000000004
1 0.5125000000000001 0.553125 0.028125 0.028125
15 0.21328125 0.6429687500000001 0.0734375 0.06406250000000001
15 0.14921875 0.67109375 0.0671875 0.0546875
15 0.09062500000000001 0.7000000000000001 0.059375000000000004 0.05