5 0.5953125 0.73359375 0.1 0.1265625
5 0.721875 0.57421875 0.0625 0.060937500000000006
5 0.7296875 0.4140625 0.0625 0.08750000000000001
5 0.49453125000000003 0.453125 0.06406250000000001 0.065625
5 0.4578125 0.6015625 0.11875000000000001 0.12187500000000001
5 0.31484375000000003 0.33906250000000004 0.060937500000000006 0.06875
5 0.44921875 0.3375 0.06406250000000001 0.096875
5 0.603125 0.31875000000000003 0.0625 0.078125
5 0.17890625000000002 0.43046875 0.0859375 0.09843750000000001
5 0.2609375 0.46640625 0.05 0.0484375
4 0.20859375000000002 0.5734375 0.029687500000000002 0.03125
4 0.19609375 0.67734375 0.0234375 0.0421875
4 0.20078125000000002 0.8046875 0.0421875 0.05
4 0.40468750000000003 0.728125 0.03125 0.05
4 0.3046875 0.53828125 0.03125 0.0328125