8 0.010937500000000001 0.73828125 0.021875000000000002 0.2171875
8 0.38593750000000004 0.7445312500000001 0.10312500000000001 0.21406250000000002
8 0.48515625 0.821875 0.09531250000000001 0.203125
8 0.5390625 0.6039062500000001 0.078125 0.1484375
8 0.49921875000000004 0.5234375 0.0703125 0.078125
8 0.6468750000000001 0.51953125 0.053125000000000006 0.0671875
8 0.7046875 0.38203125000000004 0.05625 0.1015625
8 0.7351562500000001 0.4375 0.0421875 0.08750000000000001
8 0.67109375 0.21640625000000002 0.045312500000000006 0.0671875
8 0.69453125 0.13125 0.07968750000000001 0.12187500000000001
8 0.7445312500000001 0.18671875000000002 0.045312500000000006 0.0734375
8 0.6351562500000001 0.03828125 0.0671875 0.0765625
8 0.5625 0.0234375 0.07187500000000001 0.046875
8 0.6000000000000001 0.10390625 0.05 0.1015625
8 0.60859375 0.1484375 0.051562500000000004 0.06875
8 0.546875 0.28125 0.07500000000000001 0.140625
8 0.48046875 0.27265625 0.060937500000000006 0.11406250000000001
8 0.45937500000000003 0.40468750000000003 0.078125 0.10312500000000001
8 0.31171875000000004 0.26171875 0.13593750000000002 0.2078125
8 0.14453125 0.11328125 0.1609375 0.21406250000000002
8 0.19921875 0.37031250000000004 0.13593750000000002 0.1625