7 0.7328125000000001 0.20468750000000002 0.05625 0.07187500000000001
7 0.59296875 0.31484375000000003 0.0921875 0.1078125
7 0.66796875 0.51328125 0.0578125 0.0703125
7 0.359375 0.384375 0.096875 0.10625000000000001
7 0.2890625 0.18515625000000002 0.065625 0.08281250000000001
7 0.21171875 0.5890625 0.06406250000000001 0.1
7 0.53359375 0.6453125000000001 0.0421875 0.053125000000000006
7 0.47500000000000003 0.7914062500000001 0.065625 0.0890625
7 0.2984375 0.7289062500000001 0.078125 0.07968750000000001
7 0.3203125 0.8382812500000001 0.053125000000000006 0.0671875
13 0.93125 0.8359375 0.059375000000000004 0.06875
13 0.9140625 0.78515625 0.0625 0.0890625