5 0.68671875 0.6468750000000001 0.09531250000000001 0.125
5 0.8015625000000001 0.4765625 0.0625 0.059375000000000004
5 0.79609375 0.3171875 0.0578125 0.084375
5 0.56484375 0.375 0.060937500000000006 0.065625
5 0.53828125 0.5265625 0.11406250000000001 0.115625
5 0.37578125 0.2765625 0.0578125 0.065625
5 0.5085937500000001 0.26406250000000003 0.060937500000000006 0.096875
5 0.66015625 0.23203125000000002 0.060937500000000006 0.0765625
5 0.24609375 0.37890625 0.08281250000000001 0.09531250000000001
5 0.33125000000000004 0.4078125 0.046875 0.046875
4 0.28828125 0.51875 0.026562500000000003 0.03125
4 0.284375 0.62265625 0.021875000000000002 0.0421875
4 0.29921875000000003 0.7507812500000001 0.0390625 0.0484375
4 0.49609375 0.6570312500000001 0.029687500000000002 0.051562500000000004
4 0.38125000000000003 0.4765625 0.028125 0.03125