8 0.5437500000000001 0.36640625000000004 0.10625000000000001 0.15156250000000002
8 0.634375 0.07187500000000001 0.10625000000000001 0.13125
8 0.7468750000000001 0.0578125 0.10312500000000001 0.1
8 0.62890625 0.8578125000000001 0.08281250000000001 0.16562500000000002
8 0.33359375 0.27265625 0.06406250000000001 0.1046875
8 0.37031250000000004 0.0859375 0.084375 0.134375
8 0.19375 0.13046875 0.05625 0.11406250000000001
8 0.18046875 0.24921875000000002 0.06406250000000001 0.1390625
8 0.23671875 0.3328125 0.06406250000000001 0.065625
8 0.3171875 0.48281250000000003 0.07187500000000001 0.115625
8 0.3125 0.62890625 0.065625 0.1015625
8 0.2578125 0.6062500000000001 0.059375000000000004 0.115625
8 0.29453125 0.7117187500000001 0.0390625 0.0578125
8 0.178125 0.52109375 0.028125 0.07968750000000001
8 0.1375 0.4703125 0.040625 0.09062500000000001
8 0.09609375 0.33125000000000004 0.035937500000000004 0.0625
8 0.11953125 0.24375000000000002 0.0421875 0.06875
8 0.07578125000000001 0.19609375 0.035937500000000004 0.0859375
8 0.03359375 0.21796875000000002 0.0421875 0.08281250000000001
8 0.06015625 0.35781250000000003 0.029687500000000002 0.0625
8 0.04609375 0.42578125 0.035937500000000004 0.0734375
8 0.084375 0.465625 0.037500000000000006 0.06875
8 0.08750000000000001 0.55859375 0.028125 0.0578125
8 0.19062500000000002 0.6078125000000001 0.037500000000000006 0.05
8 0.17343750000000002 0.64609375 0.03125 0.0546875
8 0.1546875 0.671875 0.03125 0.078125
8 0.18203125 0.7898437500000001 0.0421875 0.09531250000000001
8 0.21953125 0.7953125000000001 0.035937500000000004 0.10312500000000001
8 0.36171875000000003 0.9171875 0.0484375 0.096875