0 0.5640625 0.7054687500000001 0.009375000000000001 0.0484375
0 0.56171875 0.7921875 0.0234375 0.021875000000000002
0 0.51796875 0.7765625 0.0203125 0.018750000000000003
0 0.5085937500000001 0.74375 0.0203125 0.018750000000000003
0 0.50390625 0.6898437500000001 0.0140625 0.051562500000000004
0 0.47734375 0.66953125 0.0140625 0.0171875
0 0.45546875000000003 0.6328125 0.0078125 0.043750000000000004
0 0.46328125000000003 0.7265625 0.0140625 0.015625
0 0.45390625 0.7468750000000001 0.010937500000000001 0.021875000000000002
0 0.45156250000000003 0.79609375 0.015625 0.0171875
0 0.48281250000000003 0.8265625000000001 0.015625 0.015625
0 0.5 0.85546875 0.009375000000000001 0.0234375
0 0.4921875 0.9007812500000001 0.009375000000000001 0.026562500000000003
0 0.4453125 0.9375 0.00625 0.03125
0 0.40390625 0.8851562500000001 0.010937500000000001 0.0390625
0 0.40859375000000003 0.8 0.0140625 0.0125
0 0.3984375 0.7468750000000001 0.009375000000000001 0.021875000000000002
0 0.371875 0.75546875 0.009375000000000001 0.0203125
0 0.35781250000000003 0.81015625 0.0125 0.0171875
0 0.35781250000000003 0.8625 0.015625 0.015625