13 0.54453125 0.2921875 0.09531250000000001 0.18125000000000002
2 0.19140625 0.71875 0.0765625 0.065625
2 0.10859375 0.5125000000000001 0.08281250000000001 0.05625
2 0.30390625000000004 0.384375 0.08281250000000001 0.084375
2 0.48359375000000004 0.34687500000000004 0.07968750000000001 0.08125
2 0.6859375000000001 0.26796875000000003 0.08125 0.16718750000000002
2 0.7765625 0.33515625000000004 0.08750000000000001 0.1453125
2 0.7234375000000001 0.5320312500000001 0.084375 0.0765625
2 0.6453125000000001 0.49453125000000003 0.07187500000000001 0.0734375
2 0.5609375 0.56875 0.07187500000000001 0.12812500000000002
2 0.6492187500000001 0.62109375 0.0546875 0.0546875
2 0.72421875 0.63046875 0.0484375 0.051562500000000004
2 0.51328125 0.53125 0.0921875 0.05625
2 0.48359375000000004 0.46875 0.0703125 0.065625
2 0.40468750000000003 0.6257812500000001 0.06875 0.0859375
2 0.49843750000000003 0.69453125 0.06875 0.0703125
2 0.57578125 0.78125 0.13593750000000002 0.146875
2 0.27421875 0.6125 0.0546875 0.059375000000000004
2 0.27578125000000003 0.8070312500000001 0.1265625 0.15781250000000002
2 0.603125 0.35078125000000004 0.0625 0.0484375