8 0.76171875 0.028125 0.0203125 0.05625
8 0.63046875 0.037500000000000006 0.029687500000000002 0.07500000000000001
8 0.703125 0.035937500000000004 0.025 0.043750000000000004
8 0.721875 0.025781250000000002 0.015625 0.051562500000000004
8 0.62890625 0.18359375 0.051562500000000004 0.09531250000000001
8 0.70078125 0.153125 0.026562500000000003 0.08125
8 0.7156250000000001 0.18359375 0.015625 0.051562500000000004
8 0.73828125 0.2 0.0171875 0.05625
8 0.6921875000000001 0.25390625 0.018750000000000003 0.060937500000000006
8 0.70625 0.32656250000000003 0.015625 0.065625
8 0.65 0.234375 0.03125 0.07500000000000001
8 0.6625000000000001 0.2921875 0.021875000000000002 0.0625
8 0.5906250000000001 0.26015625000000003 0.034375 0.09531250000000001
8 0.6312500000000001 0.38593750000000004 0.043750000000000004 0.065625
8 0.6726562500000001 0.43203125000000003 0.029687500000000002 0.07968750000000001
8 0.58203125 0.48515625 0.026562500000000003 0.0703125
8 0.6257812500000001 0.546875 0.0234375 0.059375000000000004
8 0.58203125 0.6351562500000001 0.0234375 0.060937500000000006
8 0.578125 0.67890625 0.025 0.0390625
8 0.5453125 0.7937500000000001 0.025 0.05625
8 0.46953125 0.6140625000000001 0.0484375 0.10625000000000001
8 0.5484375 0.49453125000000003 0.037500000000000006 0.0390625
8 0.54609375 0.30234375 0.0484375 0.1078125
8 0.4453125 0.16718750000000002 0.07500000000000001 0.16875
8 0.34453125 0.60859375 0.0484375 0.0859375
8 0.3796875 0.659375 0.09062500000000001 0.10312500000000001
8 0.42812500000000003 0.7890625 0.08125 0.07500000000000001
8 0.46171875 0.9539062500000001 0.035937500000000004 0.0765625