8 0.096875 0.24140625000000002 0.184375 0.2515625
8 0.21250000000000002 0.48125 0.134375 0.18125000000000002
8 0.46171875 0.30546875 0.0890625 0.1484375
8 0.521875 0.45390625 0.096875 0.19843750000000002
8 0.61484375 0.434375 0.060937500000000006 0.09375
8 0.6609375000000001 0.3765625 0.053125000000000006 0.10312500000000001
8 0.7250000000000001 0.40234375 0.05625 0.11093750000000001
8 0.7671875 0.390625 0.037500000000000006 0.08750000000000001
8 0.7296875 0.5296875 0.037500000000000006 0.0625
8 0.6875 0.5281250000000001 0.040625 0.078125
8 0.665625 0.49765625 0.05 0.1328125
8 0.45703125 0.55859375 0.0921875 0.1234375
8 0.3828125 0.8210937500000001 0.146875 0.21406250000000002
8 0.6453125000000001 0.8031250000000001 0.046875 0.109375
8 0.66171875 0.91171875 0.060937500000000006 0.0859375
8 0.6804687500000001 0.7195312500000001 0.0578125 0.1234375
8 0.7898437500000001 0.6359375 0.0484375 0.109375
8 0.81953125 0.6492187500000001 0.0328125 0.0734375
8 0.7859375000000001 0.80859375 0.040625 0.0890625