6 0.6203125 0.58359375 0.015625 0.0171875
6 0.3984375 0.7445312500000001 0.015625 0.0140625
6 0.06406250000000001 0.915625 0.021875000000000002 0.028125
6 0.5390625 0.515625 0.0125 0.0125
6 0.47187500000000004 0.54453125 0.015625 0.0203125
11 0.51171875 0.5578125 0.0171875 0.021875000000000002
11 0.515625 0.47421875 0.028125 0.029687500000000002
11 0.5015625 0.44296875 0.021875000000000002 0.026562500000000003
11 0.54921875 0.37890625 0.0234375 0.0234375
11 0.5359375000000001 0.340625 0.015625 0.0125
11 0.6648437500000001 0.41796875 0.029687500000000002 0.026562500000000003
11 0.73046875 0.51328125 0.0328125 0.0390625
14 0.63984375 0.52578125 0.0421875 0.0546875
14 0.7914062500000001 0.43593750000000003 0.051562500000000004 0.034375
11 0.66171875 0.3515625 0.0171875 0.021875000000000002
11 0.6742187500000001 0.278125 0.0171875 0.015625
11 0.59375 0.47421875 0.015625 0.026562500000000003
11 0.7914062500000001 0.27109375 0.0171875 0.0203125
11 0.81640625 0.309375 0.0203125 0.015625
11 0.8265625000000001 0.33671875 0.018750000000000003 0.0234375