15 0.946875 0.5890625 0.10625000000000001 0.253125
15 0.86640625 0.58046875 0.1015625 0.2328125
15 0.77890625 0.5164062500000001 0.1046875 0.1203125
15 0.6687500000000001 0.46796875000000004 0.12812500000000002 0.1328125
0 0.553125 0.48281250000000003 0.10312500000000001 0.08125
0 0.34140625 0.43515625 0.07968750000000001 0.0578125
0 0.3484375 0.4921875 0.0625 0.1
13 0.2703125 0.45703125 0.109375 0.0734375
0 0.09765625 0.4265625 0.0921875 0.05625
9 0.08515625 0.49453125000000003 0.07968750000000001 0.0734375
8 0.11484375000000001 0.60078125 0.0671875 0.0421875
8 0.08750000000000001 0.7046875 0.084375 0.05
8 0.18203125 0.8140625 0.035937500000000004 0.059375000000000004
8 0.23359375000000002 0.8656250000000001 0.0703125 0.05625
8 0.0390625 0.92734375 0.015625 0.0578125
8 0.41250000000000003 0.8523437500000001 0.07500000000000001 0.0421875
8 0.49531250000000004 0.9796875 0.06875 0.040625
8 0.41796875 0.9500000000000001 0.0734375 0.046875
8 0.34921875 0.88828125 0.060937500000000006 0.0546875
8 0.690625 0.67578125 0.134375 0.09843750000000001
2 0.64765625 0.8140625 0.1859375 0.18125000000000002
4 0.43515625 0.7421875 0.0546875 0.065625
11 0.37031250000000004 0.759375 0.065625 0.059375000000000004