8 0.05078125 0.753125 0.0921875 0.08125
8 0.06953125 0.328125 0.0671875 0.08125
8 0.1921875 0.215625 0.0625 0.084375
8 0.296875 0.13515625 0.096875 0.0390625
8 0.38671875 0.25703125 0.0890625 0.0546875
8 0.25859375 0.4390625 0.060937500000000006 0.078125
8 0.20859375000000002 0.5750000000000001 0.0421875 0.06875
8 0.38671875 0.52109375 0.1078125 0.0734375
8 0.43828125 0.38046875 0.1234375 0.1046875
8 0.5046875000000001 0.184375 0.1 0.05
8 0.5640625 0.22031250000000002 0.059375000000000004 0.09375
8 0.6796875 0.31328125 0.059375000000000004 0.045312500000000006
8 0.6507812500000001 0.4453125 0.035937500000000004 0.115625
8 0.5593750000000001 0.5945312500000001 0.078125 0.0390625
8 0.446875 0.6335937500000001 0.09062500000000001 0.06406250000000001
8 0.43984375000000003 0.71875 0.09531250000000001 0.08125
8 0.63671875 0.80390625 0.08281250000000001 0.0734375
8 0.64765625 0.63671875 0.09843750000000001 0.0578125
8 0.76171875 0.49531250000000004 0.0546875 0.078125
8 0.7640625000000001 0.359375 0.08125 0.07187500000000001
8 0.8203125 0.26328125 0.10625000000000001 0.029687500000000002
8 0.815625 0.13359375 0.065625 0.0734375
8 0.8500000000000001 0.10078125 0.06875 0.0328125
8 0.775 0.05234375 0.07187500000000001 0.0765625
8 0.9375 0.28984375 0.07500000000000001 0.06406250000000001
8 0.9710937500000001 0.40390625 0.0578125 0.0765625
8 0.89765625 0.5875 0.08281250000000001 0.07500000000000001
8 0.9421875000000001 0.6898437500000001 0.08750000000000001 0.0703125