0 0.5593750000000001 0.7312500000000001 0.015625 0.046875
0 0.6203125 0.7640625000000001 0.021875000000000002 0.018750000000000003
0 0.61640625 0.7140625 0.0203125 0.05
0 0.61484375 0.7953125000000001 0.0203125 0.018750000000000003
0 0.58203125 0.7937500000000001 0.0171875 0.05
0 0.6179687500000001 0.6781250000000001 0.0171875 0.015625
0 0.6585937500000001 0.8718750000000001 0.0203125 0.021875000000000002
0 0.6578125 0.84765625 0.0125 0.0203125
0 0.76328125 0.84140625 0.0140625 0.0203125
0 0.7468750000000001 0.89609375 0.015625 0.0390625
0 0.7132812500000001 0.84375 0.010937500000000001 0.021875000000000002
0 0.70859375 0.8500000000000001 0.010937500000000001 0.021875000000000002
0 0.69140625 0.8367187500000001 0.0140625 0.0171875
0 0.73203125 0.7890625 0.0140625 0.0125
0 0.696875 0.6843750000000001 0.018750000000000003 0.018750000000000003
0 0.7015625000000001 0.89453125 0.015625 0.0203125