13 0.4765625 0.5796875 0.03125 0.053125000000000006
13 0.72265625 0.6671875 0.0390625 0.034375
13 0.72578125 0.878125 0.060937500000000006 0.0625
2 0.44609375 0.83984375 0.0671875 0.0484375
13 0.39296875000000003 0.909375 0.09531250000000001 0.12812500000000002
13 0.22578125000000002 0.8812500000000001 0.0484375 0.037500000000000006
13 0.21796875000000002 0.6234375000000001 0.051562500000000004 0.059375000000000004
13 0.6078125000000001 0.46718750000000003 0.040625 0.034375
13 0.56171875 0.5125000000000001 0.0234375 0.034375
13 0.7523437500000001 0.47187500000000004 0.0484375 0.043750000000000004
13 0.8234375 0.6109375 0.10625000000000001 0.08750000000000001
13 0.7210937500000001 0.43515625 0.045312500000000006 0.0328125
13 0.5015625 0.64453125 0.05625 0.0484375