0 0.36250000000000004 0.8093750000000001 0.025 0.021875000000000002
0 0.42421875000000003 0.88984375 0.0171875 0.035937500000000004
16 0.5453125 0.9710937500000001 0.015625 0.0390625
16 0.58515625 0.9828125000000001 0.010937500000000001 0.03125
3 0.5476562500000001 0.9390625 0.010937500000000001 0.021875000000000002
3 0.60703125 0.97421875 0.010937500000000001 0.0203125
4 0.5734375 0.9453125 0.0125 0.021875000000000002
4 0.4859375 0.8617187500000001 0.009375000000000001 0.0171875
10 0.525 0.846875 0.025 0.015625
7 0.496875 0.9187500000000001 0.009375000000000001 0.018750000000000003
7 0.5171875 0.91328125 0.015625 0.0171875
11 0.48984375 0.9625 0.0203125 0.015625
11 0.41796875 0.95234375 0.010937500000000001 0.0140625
8 0.47265625 0.98203125 0.029687500000000002 0.0234375
1 0.54296875 0.9929687500000001 0.0171875 0.0140625
5 0.37343750000000003 0.8515625 0.028125 0.021875000000000002
5 0.38203125000000004 0.89453125 0.035937500000000004 0.0484375