8 0.6625000000000001 0.7562500000000001 0.08125 0.13125
8 0.625 0.6078125000000001 0.1125 0.109375
8 0.79609375 0.6664062500000001 0.06406250000000001 0.07968750000000001
8 0.7203125 0.50234375 0.07500000000000001 0.1265625
8 0.6296875000000001 0.49453125000000003 0.065625 0.0578125
8 0.53125 0.45625000000000004 0.08750000000000001 0.12187500000000001
8 0.44609375 0.51484375 0.07968750000000001 0.1046875
8 0.26953125 0.31484375000000003 0.11406250000000001 0.11406250000000001
8 0.0765625 0.265625 0.153125 0.11875000000000001
8 0.0671875 0.10859375 0.13125 0.1171875
8 0.290625 0.07968750000000001 0.084375 0.053125000000000006
8 0.31796875 0.1953125 0.0703125 0.07500000000000001
8 0.3921875 0.2078125 0.065625 0.05625
8 0.45859375 0.29531250000000003 0.07968750000000001 0.06875
8 0.58515625 0.36953125000000003 0.0484375 0.060937500000000006
8 0.6570312500000001 0.37812500000000004 0.051562500000000004 0.0625
8 0.7484375000000001 0.3921875 0.046875 0.043750000000000004
8 0.8656250000000001 0.43281250000000004 0.040625 0.05
8 0.7390625000000001 0.30078125 0.05 0.0765625
8 0.71015625 0.18281250000000002 0.010937500000000001 0.015625
8 0.68125 0.13593750000000002 0.040625 0.059375000000000004
8 0.61484375 0.18203125 0.0484375 0.0578125
8 0.5875 0.28515625 0.037500000000000006 0.0578125
8 0.55390625 0.1625 0.051562500000000004 0.040625
8 0.53046875 0.1875 0.060937500000000006 0.0625
8 0.6062500000000001 0.08359375000000001 0.046875 0.0546875
8 0.61484375 0.047656250000000004 0.0484375 0.0484375
8 0.5515625000000001 0.06328125 0.025 0.0421875
8 0.45546875000000003 0.096875 0.045312500000000006 0.084375
8 0.3515625 0.02734375 0.06875 0.0546875
8 0.43125 0.02109375 0.043750000000000004 0.0421875
8 0.4734375 0.02109375 0.037500000000000006 0.0421875