2 0.19296875000000002 0.51875 0.0859375 0.14375000000000002
2 0.2484375 0.64453125 0.08125 0.0546875
2 0.2703125 0.73984375 0.040625 0.0484375
2 0.34296875000000004 0.690625 0.0546875 0.043750000000000004
2 0.4140625 0.6062500000000001 0.0625 0.13125
2 0.44609375 0.54140625 0.0890625 0.060937500000000006
2 0.4546875 0.48828125 0.09062500000000001 0.0671875
2 0.44062500000000004 0.38671875 0.084375 0.060937500000000006
2 0.6234375000000001 0.40156250000000004 0.078125 0.08750000000000001
2 0.62265625 0.33203125 0.06406250000000001 0.0421875
2 0.69296875 0.5046875000000001 0.0484375 0.053125000000000006
2 0.82734375 0.33203125 0.0765625 0.0484375
2 0.81953125 0.5640625 0.045312500000000006 0.053125000000000006
13 0.721875 0.82421875 0.10625000000000001 0.21406250000000002
2 0.503125 0.6882812500000001 0.07187500000000001 0.06406250000000001
2 0.5750000000000001 0.58359375 0.06875 0.0765625
2 0.44921875 0.8070312500000001 0.1328125 0.15156250000000002