8 0.03359375 0.18281250000000002 0.06406250000000001 0.1
8 0.02890625 0.29375 0.0484375 0.08125
8 0.16171875000000002 0.1375 0.0484375 0.053125000000000006
8 0.1546875 0.3453125 0.13125 0.125
8 0.19609375 0.30703125000000003 0.0765625 0.0765625
8 0.24609375 0.27109375 0.0671875 0.0703125
8 0.33125000000000004 0.29375 0.06875 0.07187500000000001
8 0.38593750000000004 0.36953125000000003 0.09375 0.08281250000000001
8 0.32890625 0.16562500000000002 0.0703125 0.0625
8 0.4265625 0.22812500000000002 0.053125000000000006 0.084375
8 0.41953125 0.1625 0.0484375 0.07187500000000001
8 0.23203125000000002 0.13359375 0.06406250000000001 0.060937500000000006
8 0.2484375 0.19687500000000002 0.09375 0.053125000000000006
8 0.32734375000000004 0.06328125 0.051562500000000004 0.045312500000000006
8 0.40156250000000004 0.07421875 0.037500000000000006 0.0328125
8 0.41171875 0.09062500000000001 0.0421875 0.040625
8 0.43515625 0.06953125 0.0484375 0.0421875
8 0.534375 0.11328125 0.037500000000000006 0.0421875
8 0.4703125 0.178125 0.040625 0.053125000000000006
8 0.55390625 0.21640625000000002 0.0328125 0.045312500000000006
8 0.5046875000000001 0.30625 0.07500000000000001 0.065625
8 0.5421875 0.29453125 0.065625 0.0484375
8 0.61484375 0.31875000000000003 0.060937500000000006 0.05625
8 0.55390625 0.38828125 0.0390625 0.0578125
8 0.6218750000000001 0.2421875 0.059375000000000004 0.0625
8 0.64453125 0.22031250000000002 0.060937500000000006 0.0625
8 0.7156250000000001 0.29609375 0.05625 0.0765625
8 0.7507812500000001 0.33984375 0.0234375 0.0234375
8 0.76875 0.43828125 0.059375000000000004 0.0859375
8 0.6328125 0.4765625 0.07187500000000001 0.06875
8 0.7664062500000001 0.5164062500000001 0.0578125 0.0703125
8 0.43593750000000003 0.50546875 0.1 0.1328125
8 0.5320312500000001 0.45078125 0.06406250000000001 0.0734375
8 0.5640625 0.56484375 0.08125 0.0890625
8 0.6960937500000001 0.6039062500000001 0.0921875 0.1453125
8 0.5281250000000001 0.6570312500000001 0.14375000000000002 0.1609375
8 0.54453125 0.796875 0.1046875 0.140625
8 0.31796875 0.5320312500000001 0.09843750000000001 0.1015625
8 0.78515625 0.7734375 0.1015625 0.10625000000000001
8 0.9484375 0.59375 0.07187500000000001 0.06875