15 0.6843750000000001 0.525 0.03125 0.037500000000000006
15 0.63828125 0.525 0.0140625 0.015625
5 0.6156250000000001 0.57421875 0.028125 0.0171875
5 0.59609375 0.59609375 0.029687500000000002 0.0203125
0 0.5945312500000001 0.5984375000000001 0.010937500000000001 0.021875000000000002
5 0.5554687500000001 0.62109375 0.0171875 0.029687500000000002
5 0.58359375 0.6421875 0.0171875 0.018750000000000003
5 0.47968750000000004 0.6765625000000001 0.05625 0.037500000000000006
5 0.5476562500000001 0.7210937500000001 0.029687500000000002 0.026562500000000003
5 0.5953125 0.71796875 0.025 0.0234375
5 0.65234375 0.6640625 0.029687500000000002 0.046875
5 0.640625 0.6976562500000001 0.028125 0.0234375
5 0.70234375 0.65 0.0203125 0.046875
1 0.52578125 0.64765625 0.010937500000000001 0.0140625
1 0.5046875000000001 0.65390625 0.018750000000000003 0.0078125
1 0.5140625 0.62421875 0.0125 0.010937500000000001
1 0.48750000000000004 0.6156250000000001 0.009375000000000001 0.0125
1 0.46015625000000004 0.63046875 0.0078125 0.010937500000000001
16 0.50703125 0.59296875 0.0078125 0.0140625
16 0.4734375 0.5984375000000001 0.009375000000000001 0.009375000000000001
16 0.46484375 0.61328125 0.0078125 0.0140625
16 0.43359375 0.6156250000000001 0.0078125 0.034375
1 0.4578125 0.584375 0.009375000000000001 0.009375000000000001
15 0.57578125 0.8796875000000001 0.0578125 0.0625
15 0.6156250000000001 0.86328125 0.037500000000000006 0.035937500000000004
15 0.34375 0.60703125 0.025 0.0203125
15 0.325 0.61328125 0.015625 0.0171875