13 0.8656250000000001 0.65625 0.21250000000000002 0.109375
13 0.025781250000000002 0.8093750000000001 0.051562500000000004 0.140625
7 0.5234375 0.509375 0.034375 0.05
7 0.65390625 0.5078125 0.0390625 0.03125
7 0.48750000000000004 0.46796875000000004 0.025 0.026562500000000003
7 0.38671875 0.42812500000000003 0.0234375 0.037500000000000006
7 0.34218750000000003 0.40234375 0.021875000000000002 0.0203125
7 0.21171875 0.41796875 0.045312500000000006 0.0421875
7 0.22109375 0.45859375 0.035937500000000004 0.0234375
7 0.21796875000000002 0.50703125 0.0328125 0.035937500000000004
7 0.31953125000000004 0.53046875 0.0421875 0.0421875
7 0.28359375000000003 0.58359375 0.0390625 0.029687500000000002