13 0.546875 0.7828125 0.0125 0.018750000000000003
2 0.6109375 0.7828125 0.021875000000000002 0.018750000000000003
13 0.7015625000000001 0.72421875 0.018750000000000003 0.0171875
13 0.6171875 0.7125 0.018750000000000003 0.0125
13 0.60546875 0.6921875000000001 0.010937500000000001 0.015625
13 0.55703125 0.69453125 0.0140625 0.0140625
13 0.53671875 0.65390625 0.0234375 0.029687500000000002
13 0.62890625 0.6671875 0.0078125 0.0125
13 0.6429687500000001 0.65 0.0140625 0.015625
13 0.68671875 0.6953125 0.010937500000000001 0.0125
13 0.6984375 0.66796875 0.021875000000000002 0.0203125
13 0.67734375 0.63671875 0.0203125 0.0140625
13 0.7054687500000001 0.6390625000000001 0.0140625 0.015625