16 0.15859375 0.796875 0.0140625 0.037500000000000006
16 0.20703125 0.86640625 0.010937500000000001 0.029687500000000002
10 0.26640625 0.7828125 0.0328125 0.018750000000000003
10 0.3171875 0.76484375 0.025 0.0140625
4 0.34375 0.7984375 0.009375000000000001 0.015625
8 0.38046875 0.8171875000000001 0.0203125 0.0125
0 0.38984375000000004 0.84765625 0.0140625 0.0328125
5 0.42734375 0.87109375 0.0328125 0.051562500000000004
5 0.45156250000000003 0.8359375 0.028125 0.021875000000000002
0 0.47734375 0.8015625000000001 0.0234375 0.021875000000000002
11 0.37109375 0.9070312500000001 0.010937500000000001 0.0140625
11 0.3015625 0.8859375 0.018750000000000003 0.015625
8 0.31796875 0.8718750000000001 0.026562500000000003 0.021875000000000002
7 0.31171875000000004 0.8453125 0.0078125 0.018750000000000003
7 0.29765625 0.8304687500000001 0.0140625 0.0203125
3 0.2578125 0.8421875000000001 0.009375000000000001 0.018750000000000003
4 0.23125 0.8375 0.009375000000000001 0.021875000000000002
3 0.18984375 0.8484375000000001 0.010937500000000001 0.018750000000000003
1 0.17265625 0.8984375 0.0203125 0.009375000000000001
1 0.240625 0.8921875 0.015625 0.018750000000000003
5 0.265625 0.96640625 0.025 0.026562500000000003