13 0.5554687500000001 0.6218750000000001 0.0421875 0.05
13 0.55390625 0.9281250000000001 0.051562500000000004 0.084375
13 0.55859375 0.9046875000000001 0.0546875 0.040625
13 0.34609375000000003 0.8390625 0.0671875 0.046875
13 0.31093750000000003 0.6375000000000001 0.05625 0.037500000000000006
13 0.3453125 0.57421875 0.03125 0.045312500000000006
13 0.2671875 0.50234375 0.025 0.0328125
13 0.2234375 0.4421875 0.043750000000000004 0.034375
13 0.11875000000000001 0.40546875000000004 0.053125000000000006 0.0390625
13 0.07890625000000001 0.43203125000000003 0.0421875 0.0390625
13 0.07578125000000001 0.659375 0.035937500000000004 0.034375
13 0.03125 0.565625 0.03125 0.07187500000000001
13 0.06015625 0.8421875000000001 0.06406250000000001 0.0625