2 0.49453125000000003 0.6648437500000001 0.029687500000000002 0.0390625
2 0.48359375000000004 0.71015625 0.0328125 0.0546875
2 0.4578125 0.6515625 0.015625 0.018750000000000003
2 0.43046875 0.73359375 0.029687500000000002 0.0390625
2 0.46640625 0.76875 0.0234375 0.028125
2 0.33671875 0.8367187500000001 0.051562500000000004 0.0671875
2 0.3296875 0.7890625 0.028125 0.034375
2 0.36953125000000003 0.75546875 0.029687500000000002 0.0578125
2 0.40703125 0.8093750000000001 0.0171875 0.018750000000000003
2 0.39765625000000004 0.6640625 0.0234375 0.025
2 0.33203125 0.6359375 0.0328125 0.034375
2 0.3609375 0.6882812500000001 0.034375 0.029687500000000002
2 0.3609375 0.7125 0.03125 0.03125
2 0.3140625 0.74609375 0.025 0.035937500000000004
2 0.27890625 0.7156250000000001 0.0203125 0.028125
2 0.24296875 0.78828125 0.0484375 0.0671875
2 0.23359375000000002 0.73984375 0.029687500000000002 0.029687500000000002