7 0.46484375 0.41250000000000003 0.035937500000000004 0.037500000000000006
4 0.5867187500000001 0.49296875 0.0203125 0.0390625
7 0.49921875000000004 0.6125 0.0171875 0.05
3 0.35078125000000004 0.58515625 0.026562500000000003 0.051562500000000004
4 0.28046875 0.5609375 0.026562500000000003 0.059375000000000004
2 0.30312500000000003 0.4734375 0.08750000000000001 0.08750000000000001
3 0.1796875 0.5750000000000001 0.025 0.05
2 0.05 0.5421875 0.09062500000000001 0.1
16 0.08203125 0.42421875000000003 0.029687500000000002 0.09531250000000001
16 0.21875 0.6328125 0.025 0.078125
1 0.30781250000000004 0.72421875 0.040625 0.0390625
8 0.5164062500000001 0.690625 0.0703125 0.05625
8 0.69453125 0.5578125 0.0578125 0.037500000000000006
0 0.71796875 0.6515625 0.035937500000000004 0.09062500000000001
5 0.828125 0.7289062500000001 0.096875 0.1421875
5 0.8992187500000001 0.6421875 0.07968750000000001 0.0625
0 0.9703125 0.5484375 0.059375000000000004 0.065625
11 0.6664062500000001 0.8093750000000001 0.029687500000000002 0.037500000000000006
11 0.55390625 0.85546875 0.0390625 0.0578125
5 0.37812500000000004 0.9281250000000001 0.0625 0.07187500000000001
1 0.1296875 0.70625 0.053125000000000006 0.03125