8 0.17265625 0.47968750000000004 0.1328125 0.19062500000000002
8 0.06640625 0.78828125 0.1328125 0.1640625
8 0.225 0.9078125 0.05625 0.078125
8 0.30312500000000003 0.85546875 0.043750000000000004 0.07968750000000001
8 0.38984375000000004 0.77734375 0.0546875 0.0890625
8 0.4546875 0.6953125 0.034375 0.0625
8 0.5164062500000001 0.60546875 0.0234375 0.045312500000000006
8 0.41718750000000004 0.61640625 0.05 0.0703125
8 0.34218750000000003 0.671875 0.059375000000000004 0.096875
8 0.3359375 0.6046875 0.043750000000000004 0.043750000000000004
8 0.21953125 0.61640625 0.1015625 0.1203125
8 0.2015625 0.35000000000000003 0.084375 0.07500000000000001
8 0.44375000000000003 0.38515625000000003 0.05625 0.0890625
8 0.46796875000000004 0.4234375 0.045312500000000006 0.065625
8 0.5109375 0.39921875 0.05625 0.0734375
8 0.571875 0.39687500000000003 0.034375 0.05
8 0.5828125000000001 0.41015625 0.028125 0.0546875
8 0.625 0.38671875 0.028125 0.060937500000000006
8 0.5859375 0.465625 0.025 0.065625
8 0.60703125 0.37578125 0.0203125 0.0390625
8 0.6734375 0.22890625 0.025 0.0546875
8 0.69921875 0.11875000000000001 0.0328125 0.08125
8 0.73046875 0.0703125 0.0328125 0.065625
8 0.6671875 0.06484375 0.0625 0.1296875
8 0.59140625 0.06015625 0.051562500000000004 0.1015625
8 0.47968750000000004 0.12578125 0.1 0.1609375
8 0.603125 0.17734375000000002 0.043750000000000004 0.06406250000000001
8 0.61640625 0.23593750000000002 0.029687500000000002 0.05625
8 0.565625 0.284375 0.040625 0.065625
8 0.6000000000000001 0.325 0.03125 0.059375000000000004
8 0.49140625000000004 0.48750000000000004 0.045312500000000006 0.07187500000000001
8 0.52734375 0.5007812500000001 0.035937500000000004 0.0578125
8 0.51796875 0.5484375 0.0234375 0.043750000000000004
8 0.48750000000000004 0.5789062500000001 0.03125 0.051562500000000004
8 0.46406250000000004 0.57734375 0.034375 0.06406250000000001
8 0.6671875 0.14765625000000002 0.034375 0.0703125
8 0.6570312500000001 0.21875 0.035937500000000004 0.084375