13 0.48046875 0.1921875 0.0765625 0.109375
13 0.31093750000000003 0.35234375 0.06875 0.0890625
13 0.1375 0.34218750000000003 0.053125000000000006 0.053125000000000006
7 0.15703125 0.3453125 0.0203125 0.021875000000000002
15 0.08750000000000001 0.32656250000000003 0.07187500000000001 0.065625
15 0.0328125 0.32109375 0.059375000000000004 0.051562500000000004
2 0.22890625 0.34375 0.0546875 0.07187500000000001
2 0.20859375000000002 0.48750000000000004 0.0484375 0.040625
2 0.2 0.5085937500000001 0.05625 0.035937500000000004
9 0.27734375 0.5703125 0.0421875 0.05625
9 0.27578125000000003 0.6726562500000001 0.0765625 0.0703125
2 0.33125000000000004 0.54921875 0.034375 0.0421875
2 0.37109375 0.515625 0.045312500000000006 0.037500000000000006
11 0.42265625 0.5 0.035937500000000004 0.03125
9 0.42500000000000004 0.47890625000000003 0.040625 0.035937500000000004
7 0.45625000000000004 0.5242187500000001 0.025 0.0234375
8 0.3921875 0.465625 0.028125 0.025
3 0.44296875 0.39687500000000003 0.026562500000000003 0.028125
2 0.40703125 0.41640625000000003 0.0890625 0.1046875
7 0.48046875 0.5546875 0.029687500000000002 0.040625
11 0.48515625 0.6265625 0.026562500000000003 0.025
8 0.47187500000000004 0.6960937500000001 0.040625 0.035937500000000004
0 0.40859375000000003 0.7046875 0.029687500000000002 0.037500000000000006
9 0.24375000000000002 0.8718750000000001 0.0625 0.06875
2 0.33203125 0.9382812500000001 0.1203125 0.1234375
9 0.39921875 0.93671875 0.0578125 0.060937500000000006
9 0.34140625 0.85546875 0.045312500000000006 0.0546875
8 0.49843750000000003 0.90625 0.040625 0.040625
9 0.6101562500000001 0.9164062500000001 0.045312500000000006 0.051562500000000004
11 0.6328125 0.8703125 0.03125 0.028125
0 0.77265625 0.8375 0.035937500000000004 0.034375
8 0.7367187500000001 0.8679687500000001 0.0421875 0.0390625
8 0.59140625 0.775 0.0390625 0.037500000000000006
8 0.5640625 0.79453125 0.053125000000000006 0.045312500000000006
8 0.534375 0.7640625000000001 0.034375 0.03125
2 0.8289062500000001 0.69140625 0.0390625 0.045312500000000006
2 0.7546875000000001 0.64765625 0.053125000000000006 0.0390625
2 0.68125 0.6625000000000001 0.0625 0.059375000000000004
2 0.6234375000000001 0.60546875 0.065625 0.0671875
2 0.6062500000000001 0.6351562500000001 0.043750000000000004 0.0421875
8 0.59609375 0.671875 0.0421875 0.034375
2 0.5984375000000001 0.5328125 0.040625 0.028125
0 0.45156250000000003 0.49062500000000003 0.03125 0.03125
0 0.45937500000000003 0.49296875 0.021875000000000002 0.026562500000000003
13 0.23046875 0.5945312500000001 0.0546875 0.0421875
2 0.24765625000000002 0.6218750000000001 0.0484375 0.05
2 0.7250000000000001 0.71015625 0.043750000000000004 0.051562500000000004
2 0.78046875 0.55390625 0.0578125 0.0546875
8 0.80078125 0.52265625 0.0421875 0.0328125
7 0.7742187500000001 0.6015625 0.0171875 0.025
0 0.77890625 0.4703125 0.0328125 0.028125
11 0.7125 0.5296875 0.021875000000000002 0.021875000000000002
0 0.665625 0.43828125 0.028125 0.0234375
0 0.61328125 0.45546875000000003 0.029687500000000002 0.026562500000000003
0 0.728125 0.45 0.025 0.021875000000000002
7 0.5437500000000001 0.415625 0.025 0.021875000000000002
13 0.565625 0.40234375 0.05625 0.0671875
8 0.64453125 0.50703125 0.0234375 0.0171875
8 0.58828125 0.46718750000000003 0.0203125 0.015625
8 0.5515625000000001 0.50703125 0.021875000000000002 0.0234375
3 0.5765625 0.45078125 0.018750000000000003 0.0171875
8 0.5796875 0.56171875 0.018750000000000003 0.0171875
8 0.57421875 0.5734375 0.0203125 0.018750000000000003
8 0.515625 0.484375 0.015625 0.0125
8 0.50625 0.49921875000000004 0.015625 0.0140625
8 0.52109375 0.4765625 0.0140625 0.015625
4 0.73046875 0.52734375 0.0171875 0.0203125
8 0.71875 0.55390625 0.021875000000000002 0.0140625
8 0.7289062500000001 0.5906250000000001 0.0203125 0.018750000000000003
8 0.7117187500000001 0.578125 0.0203125 0.015625
8 0.7195312500000001 0.5945312500000001 0.0203125 0.0171875
8 0.67109375 0.55 0.0203125 0.018750000000000003
8 0.7000000000000001 0.5609375 0.018750000000000003 0.018750000000000003
9 0.6578125 0.45390625 0.021875000000000002 0.0234375
8 0.6609375000000001 0.53515625 0.0125 0.0171875
8 0.49531250000000004 0.49062500000000003 0.018750000000000003 0.015625
9 0.56171875 0.6507812500000001 0.0390625 0.0390625
9 0.1203125 0.44453125000000004 0.043750000000000004 0.0484375