11 0.29765625 0.6062500000000001 0.026562500000000003 0.037500000000000006
11 0.14765625000000002 0.565625 0.0234375 0.034375
11 0.27968750000000003 0.43203125000000003 0.025 0.035937500000000004
11 0.3609375 0.40546875000000004 0.034375 0.035937500000000004
11 0.40937500000000004 0.3453125 0.025 0.028125
11 0.42890625000000004 0.546875 0.0390625 0.043750000000000004
11 0.51015625 0.40156250000000004 0.029687500000000002 0.040625
11 0.4921875 0.28984375 0.03125 0.026562500000000003
11 0.57578125 0.31093750000000003 0.0234375 0.025
11 0.6328125 0.325 0.021875000000000002 0.034375
11 0.69296875 0.37578125 0.0203125 0.0203125
11 0.69140625 0.47734375 0.0421875 0.0421875
11 0.6820312500000001 0.58203125 0.0328125 0.051562500000000004
11 0.5710937500000001 0.48828125 0.0171875 0.026562500000000003
11 0.77890625 0.3953125 0.0390625 0.040625
6 0.5710937500000001 0.66015625 0.0171875 0.0328125
6 0.50703125 0.72265625 0.026562500000000003 0.0328125
6 0.39453125 0.69453125 0.029687500000000002 0.0390625
14 0.6781250000000001 0.70703125 0.10625000000000001 0.0890625
14 0.82578125 0.59609375 0.0765625 0.0890625