8 0.76953125 0.28828125 0.11406250000000001 0.11406250000000001
8 0.34921875 0.7671875 0.1171875 0.096875
8 0.9593750000000001 0.40625 0.08125 0.15000000000000002
8 0.14453125 0.5593750000000001 0.11093750000000001 0.10625000000000001
8 0.08046875 0.7000000000000001 0.1390625 0.153125
5 0.34140625 0.3046875 0.1078125 0.12187500000000001
2 0.1875 0.20546875 0.1375 0.1546875
2 0.13671875 0.09296875 0.18906250000000002 0.1484375
7 0.7453125 0.04296875 0.08750000000000001 0.0703125
11 0.6640625 0.27890625 0.08125 0.0734375
0 0.8835937500000001 0.65234375 0.0890625 0.1234375