15 0.35390625000000003 0.25 0.35781250000000003 0.2625
15 0.17890625000000002 0.39140625 0.2890625 0.2328125
15 0.096875 0.5171875 0.134375 0.265625
7 0.32109375 0.55625 0.0734375 0.09062500000000001
0 0.57421875 0.35859375000000004 0.1234375 0.09843750000000001
0 0.8125 0.25234375000000003 0.096875 0.1015625
0 0.4578125 0.578125 0.10625000000000001 0.09062500000000001
13 0.6664062500000001 0.49062500000000003 0.15781250000000002 0.12812500000000002
13 0.6609375000000001 0.6687500000000001 0.15937500000000002 0.125
13 0.83515625 0.534375 0.1546875 0.12812500000000002
13 0.9375 0.51875 0.125 0.134375
2 0.91015625 0.70078125 0.1796875 0.2171875
2 0.7578125 0.78125 0.16875 0.115625
2 0.53125 0.92109375 0.203125 0.11406250000000001