3 0.540625 0.30703125000000003 0.12812500000000002 0.1078125
2 0.7367187500000001 0.28750000000000003 0.15156250000000002 0.08125
7 0.8500000000000001 0.23125 0.096875 0.065625
3 0.9242187500000001 0.33515625000000004 0.0765625 0.1078125
2 0.8796875000000001 0.51171875 0.240625 0.2828125
2 0.571875 0.5015625 0.21875 0.1125
2 0.775 0.6734375 0.1375 0.15625
2 0.2578125 0.275 0.30312500000000003 0.371875
11 0.53671875 0.70859375 0.1546875 0.11093750000000001
7 0.71875 0.734375 0.10312500000000001 0.08750000000000001
0 0.6039062500000001 0.6312500000000001 0.1796875 0.115625
7 0.8828125 0.8 0.12187500000000001 0.140625
13 0.8812500000000001 0.1609375 0.171875 0.21875
9 0.05078125 0.41718750000000004 0.0734375 0.140625