7 0.56640625 0.8562500000000001 0.0765625 0.046875
7 0.6742187500000001 0.8359375 0.035937500000000004 0.078125
7 0.7453125 0.859375 0.034375 0.03125
7 0.7976562500000001 0.7125 0.0578125 0.043750000000000004
7 0.75 0.603125 0.037500000000000006 0.025
7 0.75 0.4421875 0.040625 0.03125
7 0.6257812500000001 0.2765625 0.045312500000000006 0.040625
7 0.6125 0.43281250000000004 0.065625 0.059375000000000004
7 0.525 0.6546875000000001 0.07500000000000001 0.040625
7 0.40625 0.63828125 0.07500000000000001 0.035937500000000004
13 0.9453125 0.0546875 0.05625 0.109375