2 0.95703125 0.7210937500000001 0.0765625 0.06406250000000001
2 0.8390625 0.65 0.05 0.05625
2 0.7250000000000001 0.71640625 0.065625 0.07968750000000001
2 0.6578125 0.8132812500000001 0.06875 0.06406250000000001
2 0.6546875000000001 0.8890625000000001 0.12187500000000001 0.125
2 0.49765625 0.80390625 0.0546875 0.045312500000000006
2 0.42812500000000003 0.8460937500000001 0.037500000000000006 0.045312500000000006
2 0.39765625000000004 0.7468750000000001 0.08281250000000001 0.059375000000000004
2 0.45546875000000003 0.6796875 0.060937500000000006 0.06875
2 0.49062500000000003 0.58125 0.065625 0.040625
2 0.5632812500000001 0.6726562500000001 0.0578125 0.1328125
2 0.60546875 0.6640625 0.051562500000000004 0.053125000000000006
2 0.59609375 0.60859375 0.0890625 0.06406250000000001
2 0.5734375 0.5078125 0.084375 0.059375000000000004
2 0.7601562500000001 0.53671875 0.0734375 0.0921875
2 0.75390625 0.46796875000000004 0.060937500000000006 0.0484375
2 0.9625 0.48828125 0.07500000000000001 0.051562500000000004
2 0.90546875 0.8367187500000001 0.11406250000000001 0.15156250000000002