0 0.12812500000000002 0.4625 0.043750000000000004 0.10312500000000001
0 0.19453125000000002 0.39687500000000003 0.0421875 0.096875
0 0.275 0.421875 0.018750000000000003 0.034375
0 0.3046875 0.32656250000000003 0.06875 0.0625
0 0.38203125000000004 0.31640625 0.0328125 0.0421875
0 0.48671875000000003 0.35390625000000003 0.051562500000000004 0.0484375
0 0.45156250000000003 0.4421875 0.037500000000000006 0.08750000000000001
0 0.76328125 0.44765625000000003 0.035937500000000004 0.035937500000000004
0 0.7765625 0.47890625000000003 0.043750000000000004 0.035937500000000004
0 0.7757812500000001 0.48984375 0.0390625 0.035937500000000004
0 0.6156250000000001 0.43281250000000004 0.028125 0.034375
0 0.54140625 0.53515625 0.029687500000000002 0.060937500000000006
0 0.565625 0.6734375 0.037500000000000006 0.084375
0 0.51484375 0.76328125 0.051562500000000004 0.0703125
0 0.5 0.8640625000000001 0.03125 0.053125000000000006
0 0.33906250000000004 0.44921875 0.043750000000000004 0.1015625
0 0.359375 0.53046875 0.028125 0.0703125
0 0.38906250000000003 0.6109375 0.034375 0.08125
0 0.3484375 0.6578125 0.03125 0.040625
0 0.32734375000000004 0.6828125 0.0390625 0.096875
0 0.2390625 0.53828125 0.05625 0.0484375
0 0.18359375 0.6171875 0.0671875 0.053125000000000006