0 0.87265625 0.4390625 0.0234375 0.07187500000000001
0 0.7976562500000001 0.40625 0.0234375 0.07500000000000001
0 0.6820312500000001 0.37890625 0.060937500000000006 0.0390625
0 0.6351562500000001 0.38203125000000004 0.0390625 0.026562500000000003
0 0.53125 0.43046875 0.05 0.0390625
0 0.58046875 0.48281250000000003 0.0171875 0.0625
0 0.6976562500000001 0.43671875000000004 0.0140625 0.029687500000000002
0 0.7234375000000001 0.46328125000000003 0.021875000000000002 0.0703125
0 0.7820312500000001 0.525 0.0578125 0.03125
0 0.88046875 0.546875 0.0421875 0.043750000000000004
0 0.7453125 0.61484375 0.021875000000000002 0.0671875
0 0.7195312500000001 0.60703125 0.0234375 0.0234375
0 0.67578125 0.58125 0.0203125 0.05625
0 0.68515625 0.5203125000000001 0.0140625 0.053125000000000006
0 0.525 0.55625 0.021875000000000002 0.040625
0 0.43671875000000004 0.5046875000000001 0.0234375 0.028125
0 0.309375 0.5359375000000001 0.03125 0.028125
0 0.3046875 0.5609375 0.043750000000000004 0.03125
0 0.41484375 0.6335937500000001 0.035937500000000004 0.029687500000000002
0 0.5320312500000001 0.6531250000000001 0.0203125 0.059375000000000004
0 0.603125 0.70234375 0.037500000000000006 0.045312500000000006
0 0.6328125 0.7664062500000001 0.028125 0.0421875