13 0.12890625 0.5328125 0.0578125 0.171875
2 0.27890625 0.49843750000000003 0.0578125 0.028125
2 0.2859375 0.52265625 0.05625 0.026562500000000003
2 0.2265625 0.70078125 0.046875 0.0484375
2 0.18984375 0.89453125 0.0890625 0.1328125
2 0.34453125 0.7359375 0.045312500000000006 0.07187500000000001
2 0.33906250000000004 0.846875 0.06875 0.05625
2 0.43828125 0.8968750000000001 0.1015625 0.109375
2 0.5390625 0.7820312500000001 0.043750000000000004 0.051562500000000004
2 0.57578125 0.7125 0.045312500000000006 0.065625
2 0.671875 0.6984375 0.07500000000000001 0.046875
2 0.5828125000000001 0.77265625 0.046875 0.0390625