2 0.13671875 0.640625 0.0703125 0.115625
2 0.06953125 0.66953125 0.1390625 0.1484375
2 0.5164062500000001 0.50546875 0.1015625 0.0703125
2 0.496875 0.4078125 0.09062500000000001 0.1
2 0.29453125 0.415625 0.1078125 0.065625
2 0.1453125 0.33046875000000003 0.053125000000000006 0.0703125
2 0.296875 0.25078125 0.09375 0.06406250000000001
2 0.5945312500000001 0.41718750000000004 0.07968750000000001 0.043750000000000004
2 0.7289062500000001 0.45859375 0.09531250000000001 0.06406250000000001
2 0.8031250000000001 0.64453125 0.08125 0.0734375
2 0.87265625 0.7125 0.1203125 0.084375
2 0.6515625 0.675 0.09375 0.084375
2 0.58125 0.625 0.08750000000000001 0.05
2 0.53515625 0.7679687500000001 0.1046875 0.1390625
11 0.3515625 0.753125 0.034375 0.05625
11 0.24140625000000002 0.82578125 0.051562500000000004 0.0421875
11 0.057031250000000006 0.8359375 0.07968750000000001 0.08125
11 0.48359375000000004 0.94453125 0.0484375 0.045312500000000006
0 0.390625 0.49765625 0.037500000000000006 0.060937500000000006
0 0.1078125 0.5046875000000001 0.034375 0.0625
0 0.7296875 0.27734375 0.053125000000000006 0.0328125
7 0.80859375 0.22187500000000002 0.026562500000000003 0.034375
7 0.75 0.25 0.018750000000000003 0.03125
7 0.4546875 0.9359375000000001 0.03125 0.059375000000000004
8 0.6117187500000001 0.25234375000000003 0.0734375 0.06406250000000001
8 0.52734375 0.30390625000000004 0.0703125 0.0546875
8 0.6375000000000001 0.33984375 0.06875 0.0484375
8 0.45625000000000004 0.31796875 0.09375 0.060937500000000006
8 0.3984375 0.30312500000000003 0.034375 0.028125
8 0.49921875000000004 0.14453125 0.0671875 0.0390625
8 0.0625 0.2109375 0.08125 0.140625
8 0.045312500000000006 0.33203125 0.08125 0.08281250000000001
4 0.47578125000000004 0.85859375 0.035937500000000004 0.0671875
4 0.5203125000000001 0.88984375 0.06875 0.07968750000000001
4 0.44765625000000003 0.796875 0.060937500000000006 0.059375000000000004
3 0.19765625 0.72265625 0.0578125 0.0921875
15 0.9164062500000001 0.14453125 0.1078125 0.1859375
15 0.73203125 0.084375 0.20468750000000002 0.12187500000000001