8 0.03359375 0.8109375000000001 0.0671875 0.215625
8 0.43828125 0.76328125 0.09531250000000001 0.2109375
8 0.55078125 0.8250000000000001 0.0890625 0.2
8 0.56875 0.6046875 0.07500000000000001 0.14375000000000002
8 0.5140625 0.5328125 0.06875 0.078125
8 0.66328125 0.51015625 0.051562500000000004 0.0671875
8 0.6984375 0.36796875 0.053125000000000006 0.09843750000000001
8 0.7375 0.41875 0.040625 0.084375
8 0.6351562500000001 0.21171875 0.0421875 0.06406250000000001
8 0.64453125 0.12578125 0.0765625 0.1171875
8 0.7046875 0.17265625 0.043750000000000004 0.0703125
8 0.565625 0.039843750000000004 0.0625 0.07968750000000001
8 0.49140625000000004 0.030468750000000003 0.0703125 0.060937500000000006
8 0.54453125 0.11093750000000001 0.0484375 0.1
8 0.5625 0.153125 0.05 0.06875
8 0.52109375 0.28984375 0.0703125 0.1390625
8 0.45390625 0.290625 0.0578125 0.109375
8 0.4546875 0.42265625 0.07500000000000001 0.09843750000000001
8 0.28203125 0.30078125 0.1296875 0.2015625
8 0.08750000000000001 0.17890625000000002 0.15625 0.2078125
8 0.1875 0.42265625 0.13125 0.15781250000000002