13 0.3046875 0.62109375 0.05 0.0484375
13 0.6140625000000001 0.62265625 0.05 0.0328125
13 0.5859375 0.5578125 0.028125 0.05
13 0.671875 0.48671875000000003 0.018750000000000003 0.0390625
13 0.72421875 0.42500000000000004 0.0421875 0.034375
13 0.8375 0.3875 0.043750000000000004 0.040625
13 0.8640625000000001 0.41953125 0.046875 0.051562500000000004
13 0.88046875 0.49296875 0.06406250000000001 0.060937500000000006
13 0.84375 0.6265625 0.037500000000000006 0.043750000000000004
13 0.96484375 0.640625 0.0703125 0.11875000000000001
13 0.86328125 0.8500000000000001 0.06406250000000001 0.065625