13 0.51328125 0.96015625 0.0328125 0.060937500000000006
0 0.525 0.8523437500000001 0.025 0.0203125
0 0.6109375 0.91328125 0.009375000000000001 0.0328125
8 0.6218750000000001 0.88203125 0.018750000000000003 0.0140625
5 0.57265625 0.92890625 0.026562500000000003 0.0484375
5 0.55 0.88984375 0.025 0.0171875
11 0.6257812500000001 0.97578125 0.010937500000000001 0.0140625
7 0.70625 0.91171875 0.0125 0.0203125
10 0.6898437500000001 0.84140625 0.0234375 0.010937500000000001
10 0.7406250000000001 0.86875 0.03125 0.015625
4 0.7703125000000001 0.93125 0.009375000000000001 0.025
3 0.74375 0.9296875 0.009375000000000001 0.021875000000000002
3 0.8132812500000001 0.946875 0.0078125 0.021875000000000002
16 0.7953125000000001 0.9640625 0.009375000000000001 0.03125
16 0.8500000000000001 0.9007812500000001 0.0125 0.035937500000000004
1 0.82578125 0.99609375 0.0234375 0.0078125
1 0.7578125 0.9867187500000001 0.015625 0.0171875
11 0.696875 0.9671875000000001 0.018750000000000003 0.015625
5 0.6421875 0.953125 0.03125 0.046875