8 0.8453125 0.3328125 0.1125 0.08125
8 0.8 0.5281250000000001 0.07500000000000001 0.08125
8 0.8773437500000001 0.6687500000000001 0.0734375 0.059375000000000004
8 0.65234375 0.44921875 0.11093750000000001 0.1203125
8 0.5554687500000001 0.240625 0.0765625 0.078125
8 0.4453125 0.25703125 0.05 0.0390625
8 0.4734375 0.37343750000000003 0.08750000000000001 0.034375
8 0.30703125000000003 0.35781250000000003 0.0859375 0.07500000000000001
8 0.17734375000000002 0.1484375 0.1078125 0.05625
8 0.053125000000000006 0.22890625 0.078125 0.0859375
8 0.125 0.284375 0.07187500000000001 0.025
8 0.0859375 0.3125 0.07187500000000001 0.07500000000000001
8 0.07890625000000001 0.43828125 0.1078125 0.045312500000000006
8 0.02734375 0.53515625 0.0546875 0.0734375
8 0.013281250000000001 0.67109375 0.026562500000000003 0.0734375
8 0.19687500000000002 0.46718750000000003 0.07500000000000001 0.065625
8 0.36171875000000003 0.5320312500000001 0.1171875 0.051562500000000004
8 0.23593750000000002 0.5921875 0.10625000000000001 0.08750000000000001
8 0.12578125 0.7671875 0.0921875 0.078125
8 0.22968750000000002 0.7601562500000001 0.09062500000000001 0.0703125
8 0.16171875000000002 0.8765625 0.0921875 0.07187500000000001
8 0.50703125 0.7000000000000001 0.0921875 0.065625