5 0.4421875 0.84921875 0.30312500000000003 0.2703125
5 0.625 0.45937500000000003 0.171875 0.16875
2 0.6515625 0.69921875 0.18125000000000002 0.1609375
2 0.76484375 0.6203125 0.19843750000000002 0.13125
2 0.9640625 0.33046875000000003 0.028125 0.1015625
2 0.5078125 0.31015625 0.14375000000000002 0.15156250000000002
2 0.43671875000000004 0.14375000000000002 0.1796875 0.140625
11 0.2921875 0.03828125 0.146875 0.0765625
7 0.1203125 0.07578125000000001 0.096875 0.1015625
0 0.20546875 0.013281250000000001 0.1265625 0.026562500000000003
13 0.096875 0.5593750000000001 0.19375 0.19687500000000002