5 0.96484375 0.6109375 0.0703125 0.15000000000000002
0 0.83125 0.603125 0.05 0.059375000000000004
5 0.78671875 0.4625 0.0578125 0.05625
5 0.82734375 0.3375 0.0421875 0.043750000000000004
5 0.78125 0.40078125000000003 0.05 0.0546875
5 0.56953125 0.40703125 0.0546875 0.1015625
16 0.6328125 0.37812500000000004 0.043750000000000004 0.028125
16 0.4859375 0.40546875000000004 0.043750000000000004 0.026562500000000003
16 0.3984375 0.478125 0.034375 0.025
16 0.37265625 0.5281250000000001 0.0234375 0.040625
16 0.2734375 0.5484375 0.034375 0.1
1 0.36562500000000003 0.58984375 0.025 0.029687500000000002
1 0.44765625000000003 0.5265625 0.0234375 0.034375
1 0.5320312500000001 0.5421875 0.0421875 0.034375
1 0.5789062500000001 0.6140625000000001 0.0328125 0.037500000000000006
1 0.5109375 0.64375 0.059375000000000004 0.021875000000000002
5 0.4390625 0.7250000000000001 0.184375 0.12187500000000001
1 0.34296875000000004 0.4390625 0.0328125 0.028125
5 0.665625 0.84140625 0.1 0.08281250000000001
5 0.815625 0.80859375 0.09062500000000001 0.0734375
5 0.9609375 0.7289062500000001 0.078125 0.06406250000000001