8 0.39687500000000003 0.70859375 0.109375 0.1546875
8 0.35781250000000003 0.571875 0.115625 0.11875000000000001
8 0.31640625 0.48515625 0.0734375 0.0734375
8 0.15156250000000002 0.6296875000000001 0.0625 0.09062500000000001
8 0.05234375 0.62265625 0.0859375 0.0890625
8 0.01171875 0.5296875 0.0234375 0.09375
8 0.0390625 0.44296875 0.065625 0.0859375
8 0.09921875000000001 0.4296875 0.0546875 0.07500000000000001
8 0.10625000000000001 0.33203125 0.040625 0.045312500000000006
8 0.21328125 0.24765625000000002 0.0328125 0.0390625
8 0.1953125 0.35468750000000004 0.034375 0.046875
8 0.26484375 0.2921875 0.045312500000000006 0.043750000000000004
8 0.2625 0.234375 0.040625 0.043750000000000004
8 0.34609375000000003 0.178125 0.0328125 0.040625
8 0.33046875000000003 0.24453125 0.0390625 0.0671875
8 0.2703125 0.37265625 0.059375000000000004 0.060937500000000006
8 0.18828125 0.43671875000000004 0.0671875 0.0578125
8 0.340625 0.33828125000000003 0.08125 0.0734375
8 0.3484375 0.39609375 0.05625 0.045312500000000006
8 0.3765625 0.26875 0.043750000000000004 0.07500000000000001
8 0.42578125 0.20234375000000002 0.045312500000000006 0.0421875
8 0.45546875000000003 0.1171875 0.0578125 0.05
8 0.54296875 0.07187500000000001 0.0421875 0.040625
8 0.503125 0.14453125 0.040625 0.0390625
8 0.5328125 0.16640625 0.07187500000000001 0.060937500000000006
8 0.5734375 0.1078125 0.043750000000000004 0.03125
8 0.42890625000000004 0.39140625 0.0546875 0.0671875
8 0.49453125000000003 0.43984375000000003 0.08281250000000001 0.0890625
8 0.52734375 0.27578125000000003 0.07968750000000001 0.0671875
8 0.53046875 0.22421875000000002 0.0578125 0.0578125
8 0.5984375000000001 0.17421875 0.05 0.051562500000000004
8 0.659375 0.16015625 0.03125 0.051562500000000004
8 0.71875 0.14375000000000002 0.078125 0.06875
8 0.71640625 0.25703125 0.0703125 0.0734375
8 0.58828125 0.32656250000000003 0.045312500000000006 0.084375
8 0.6140625000000001 0.42421875000000003 0.09062500000000001 0.1296875
8 0.721875 0.4578125 0.096875 0.1125
8 0.8132812500000001 0.060937500000000006 0.0859375 0.07500000000000001
8 0.734375 0.0546875 0.0625 0.06875
8 0.6468750000000001 0.035937500000000004 0.05 0.040625
13 0.08359375000000001 0.14609375 0.0703125 0.0765625