2 0.9 0.79609375 0.096875 0.1390625
2 0.7937500000000001 0.6296875000000001 0.15625 0.1125
8 0.11484375000000001 0.37812500000000004 0.0734375 0.08125
8 0.2703125 0.29453125 0.043750000000000004 0.051562500000000004
8 0.27890625 0.33515625000000004 0.06406250000000001 0.0484375
8 0.29609375 0.40234375 0.051562500000000004 0.0484375
8 0.3515625 0.38671875 0.0625 0.0578125
8 0.7250000000000001 0.45859375 0.08125 0.0546875
8 0.728125 0.30312500000000003 0.07187500000000001 0.040625
8 0.7757812500000001 0.29609375 0.035937500000000004 0.060937500000000006
11 0.22734375 0.9125000000000001 0.08281250000000001 0.07500000000000001
11 0.61484375 0.50390625 0.1171875 0.0921875
7 0.4609375 0.55625 0.078125 0.07187500000000001
7 0.33046875000000003 0.6453125000000001 0.0859375 0.1375
0 0.5164062500000001 0.43593750000000003 0.1046875 0.096875
0 0.48359375000000004 0.43593750000000003 0.06406250000000001 0.084375
5 0.62890625 0.42500000000000004 0.1234375 0.10625000000000001
7 0.253125 0.043750000000000004 0.07500000000000001 0.05625
8 0.20468750000000002 0.07578125000000001 0.059375000000000004 0.029687500000000002
13 0.1703125 0.034375 0.134375 0.06875
3 0.51484375 0.07265625 0.09531250000000001 0.11093750000000001
3 0.665625 0.0890625 0.08125 0.10312500000000001
8 0.09140625000000001 0.13046875 0.0671875 0.0328125
8 0.040625 0.1390625 0.05 0.040625
8 0.028125 0.18203125 0.05625 0.035937500000000004
8 0.025781250000000002 0.07968750000000001 0.051562500000000004 0.046875
8 0.018750000000000003 0.053125000000000006 0.037500000000000006 0.025