4 0.5359375000000001 0.659375 0.0125 0.034375
4 0.5453125 0.5171875 0.00625 0.028125
4 0.45390625 0.64375 0.0171875 0.021875000000000002
4 0.3953125 0.5359375000000001 0.0125 0.015625
4 0.44765625000000003 0.43984375000000003 0.010937500000000001 0.0140625
5 0.5390625 0.48359375000000004 0.053125000000000006 0.029687500000000002
5 0.51796875 0.42421875000000003 0.0421875 0.0234375
5 0.5921875 0.465625 0.043750000000000004 0.028125
5 0.6203125 0.53046875 0.043750000000000004 0.026562500000000003
5 0.67890625 0.48046875 0.051562500000000004 0.029687500000000002
5 0.69921875 0.5125000000000001 0.035937500000000004 0.03125
5 0.6828125 0.6156250000000001 0.037500000000000006 0.043750000000000004
5 0.46796875000000004 0.53828125 0.051562500000000004 0.0734375
5 0.4375 0.478125 0.028125 0.046875
5 0.5109375 0.3765625 0.021875000000000002 0.03125
5 0.32421875 0.51953125 0.051562500000000004 0.0734375
5 0.56015625 0.5984375000000001 0.0578125 0.025
5 0.6429687500000001 0.41875 0.029687500000000002 0.040625
5 0.60859375 0.39687500000000003 0.0171875 0.03125