13 0.44921875 0.5203125000000001 0.026562500000000003 0.05
13 0.2078125 0.6585937500000001 0.034375 0.0328125
13 0.21250000000000002 0.86640625 0.053125000000000006 0.0578125
2 0.49140625000000004 0.77109375 0.060937500000000006 0.0421875
13 0.5476562500000001 0.82734375 0.08281250000000001 0.1234375
13 0.7125 0.76484375 0.046875 0.0328125
13 0.71015625 0.509375 0.0484375 0.05625
13 0.3140625 0.4375 0.037500000000000006 0.03125
13 0.36171875000000003 0.47187500000000004 0.0203125 0.03125
13 0.1703125 0.47109375000000003 0.043750000000000004 0.0390625
13 0.10546875 0.6234375000000001 0.09843750000000001 0.078125
13 0.2 0.4296875 0.043750000000000004 0.028125
13 0.42812500000000003 0.5890625 0.053125000000000006 0.043750000000000004