0 0.53046875 0.4453125 0.0234375 0.06875
0 0.603125 0.31484375000000003 0.021875000000000002 0.1015625
0 0.5375 0.22265625 0.053125000000000006 0.0484375
0 0.6421875 0.15078125 0.028125 0.045312500000000006
0 0.7351562500000001 0.13671875 0.0671875 0.060937500000000006
0 0.7976562500000001 0.240625 0.0140625 0.037500000000000006
0 0.734375 0.28828125 0.025 0.1171875
0 0.7375 0.38828125 0.018750000000000003 0.08281250000000001
0 0.8765625 0.3640625 0.059375000000000004 0.043750000000000004
0 0.98203125 0.24296875 0.026562500000000003 0.1203125
0 0.884375 0.18671875000000002 0.025 0.11406250000000001
0 0.9640625 0.43984375000000003 0.07187500000000001 0.051562500000000004
0 0.8203125 0.5546875 0.025 0.1125
0 0.78828125 0.53125 0.029687500000000002 0.043750000000000004
0 0.7273437500000001 0.4890625 0.0234375 0.09375
0 0.54453125 0.6117187500000001 0.0234375 0.1015625
0 0.6296875000000001 0.7000000000000001 0.046875 0.07500000000000001
0 0.67734375 0.8125 0.026562500000000003 0.0625
0 0.2484375 0.4109375 0.034375 0.037500000000000006
0 0.27187500000000003 0.534375 0.028125 0.040625