2 0.35468750000000004 0.775 0.08125 0.0625
2 0.4578125 0.8375 0.053125000000000006 0.043750000000000004
2 0.45390625 0.7765625 0.060937500000000006 0.078125
2 0.51953125 0.7203125 0.060937500000000006 0.1375
2 0.65390625 0.64609375 0.0890625 0.09843750000000001
2 0.7109375 0.5328125 0.059375000000000004 0.05
2 0.91796875 0.5765625 0.08281250000000001 0.053125000000000006
2 0.9140625 0.8109375000000001 0.07500000000000001 0.065625
2 0.79453125 0.7234375000000001 0.051562500000000004 0.0625
2 0.6828125 0.7742187500000001 0.0625 0.0765625
2 0.86484375 0.91796875 0.11093750000000001 0.1546875
2 0.6140625000000001 0.9437500000000001 0.115625 0.1125
2 0.60546875 0.87890625 0.051562500000000004 0.0546875
2 0.49453125000000003 0.8406250000000001 0.0578125 0.05625
13 0.71015625 0.32734375000000004 0.0546875 0.15156250000000002
2 0.5398437500000001 0.659375 0.060937500000000006 0.05625
2 0.55703125 0.7125 0.0484375 0.046875