8 0.09921875000000001 0.51796875 0.15781250000000002 0.1609375
8 0.1921875 0.73828125 0.09062500000000001 0.09843750000000001
8 0.209375 0.83203125 0.115625 0.09843750000000001
8 0.31093750000000003 0.7171875000000001 0.07500000000000001 0.1
8 0.36328125 0.46328125000000003 0.07968750000000001 0.15156250000000002
8 0.62109375 0.47968750000000004 0.0484375 0.1
8 0.7406250000000001 0.47734375 0.028125 0.06406250000000001
8 0.80859375 0.44921875 0.0484375 0.08281250000000001
8 0.70078125 0.52734375 0.0421875 0.06406250000000001
8 0.82734375 0.5437500000000001 0.045312500000000006 0.059375000000000004
8 0.6203125 0.53359375 0.065625 0.0703125
8 0.39296875000000003 0.7375 0.060937500000000006 0.1
8 0.49843750000000003 0.7367187500000001 0.0625 0.0734375
8 0.56953125 0.71640625 0.0546875 0.0859375
8 0.56875 0.8046875 0.03125 0.046875
8 0.6140625000000001 0.8093750000000001 0.046875 0.065625
8 0.6859375000000001 0.7664062500000001 0.037500000000000006 0.09531250000000001
8 0.6101562500000001 0.87890625 0.0421875 0.06406250000000001
8 0.58359375 0.9242187500000001 0.026562500000000003 0.026562500000000003
8 0.38359375 0.86484375 0.0765625 0.08281250000000001
8 0.41796875 0.92578125 0.06406250000000001 0.06406250000000001
8 0.45859375 0.94453125 0.060937500000000006 0.0703125
8 0.3484375 0.9539062500000001 0.08125 0.07968750000000001