8 0.7796875000000001 0.51328125 0.1 0.1765625
8 0.8148437500000001 0.8265625000000001 0.13593750000000002 0.14375000000000002
8 0.60859375 0.9296875 0.0421875 0.07187500000000001
8 0.5453125 0.8734375000000001 0.028125 0.07500000000000001
8 0.48046875 0.7890625 0.0390625 0.084375
8 0.4375 0.7039062500000001 0.021875000000000002 0.0578125
8 0.40078125000000003 0.6109375 0.0140625 0.043750000000000004
8 0.49609375 0.63046875 0.0390625 0.06406250000000001
8 0.5554687500000001 0.6898437500000001 0.0421875 0.0890625
8 0.58125 0.6234375000000001 0.037500000000000006 0.040625
8 0.69453125 0.64453125 0.08281250000000001 0.11093750000000001
8 0.7875000000000001 0.38359375 0.07500000000000001 0.06406250000000001
8 0.534375 0.4 0.040625 0.084375
8 0.5 0.43515625 0.034375 0.060937500000000006
8 0.46328125000000003 0.4078125 0.045312500000000006 0.065625
8 0.40390625 0.40078125000000003 0.026562500000000003 0.0484375
8 0.38828125 0.41328125000000004 0.0171875 0.051562500000000004
8 0.353125 0.38671875 0.015625 0.060937500000000006
8 0.37031250000000004 0.46796875000000004 0.0125 0.06406250000000001
8 0.37421875000000004 0.37734375000000003 0.0140625 0.035937500000000004
8 0.3484375 0.22734375 0.015625 0.051562500000000004
8 0.353125 0.11796875000000001 0.018750000000000003 0.07968750000000001
8 0.33515625000000004 0.0671875 0.0203125 0.0625
8 0.40078125000000003 0.06640625 0.035937500000000004 0.1265625
8 0.47734375 0.0671875 0.0328125 0.096875
8 0.571875 0.14140625 0.07187500000000001 0.15156250000000002
8 0.43359375 0.18281250000000002 0.0328125 0.059375000000000004
8 0.403125 0.23984375000000002 0.018750000000000003 0.0546875
8 0.43984375000000003 0.290625 0.029687500000000002 0.0625
8 0.39609375 0.32734375000000004 0.0203125 0.0578125
8 0.4578125 0.496875 0.03125 0.06875
8 0.41875 0.50703125 0.028125 0.051562500000000004
8 0.4140625 0.55390625 0.015625 0.0421875
8 0.4375 0.5867187500000001 0.021875000000000002 0.0484375
8 0.46171875 0.5867187500000001 0.0203125 0.060937500000000006
8 0.37812500000000004 0.14765625000000002 0.021875000000000002 0.0671875
8 0.36796875 0.21953125 0.0203125 0.08281250000000001