2 0.35781250000000003 0.6765625000000001 0.078125 0.053125000000000006
2 0.434375 0.7132812500000001 0.05625 0.0703125
2 0.41484375 0.7703125000000001 0.0578125 0.043750000000000004
2 0.45234375000000004 0.784375 0.0578125 0.059375000000000004
2 0.6171875 0.7328125000000001 0.08125 0.06875
2 0.65 0.6953125 0.053125000000000006 0.034375
2 0.78125 0.94296875 0.12187500000000001 0.11406250000000001
2 0.5296875 0.91328125 0.12812500000000002 0.1265625
2 0.9281250000000001 0.63671875 0.05 0.045312500000000006
13 0.69296875 0.7359375 0.1234375 0.19687500000000002
2 0.69921875 0.63984375 0.0546875 0.11406250000000001