2 0.06484375 0.1078125 0.1078125 0.05625
2 0.8484375000000001 0.29531250000000003 0.1 0.09375
2 0.7562500000000001 0.24531250000000002 0.08750000000000001 0.065625
2 0.5320312500000001 0.30234375 0.1203125 0.1234375
2 0.65625 0.1390625 0.1125 0.09062500000000001
2 0.3984375 0.07500000000000001 0.11875000000000001 0.078125
2 0.7742187500000001 0.15859375 0.11093750000000001 0.0859375
2 0.85546875 0.07578125000000001 0.1046875 0.0765625
2 0.703125 0.05390625 0.09375 0.045312500000000006
2 0.60546875 0.0625 0.1015625 0.07187500000000001
2 0.7765625 0.41718750000000004 0.1375 0.134375
2 0.22812500000000002 0.38359375 0.171875 0.1703125
11 0.6117187500000001 0.26406250000000003 0.051562500000000004 0.0625
11 0.48515625 0.5 0.0578125 0.05
11 0.57421875 0.40937500000000004 0.045312500000000006 0.06875
4 0.73359375 0.5007812500000001 0.0421875 0.0734375
9 0.6898437500000001 0.44140625 0.06406250000000001 0.06406250000000001
9 0.63984375 0.61640625 0.0734375 0.1234375
7 0.74140625 0.5867187500000001 0.0390625 0.0734375
3 0.40625 0.40156250000000004 0.065625 0.09062500000000001
11 0.30625 0.52890625 0.08750000000000001 0.0921875
13 0.43359375 0.17578125 0.1390625 0.1296875
0 0.52734375 0.15000000000000002 0.045312500000000006 0.06875
0 0.240625 0.18906250000000002 0.037500000000000006 0.06875
0 0.7421875 0.75703125 0.08125 0.0703125
13 0.46796875000000004 0.78125 0.09531250000000001 0.09062500000000001
3 0.41328125000000004 0.86484375 0.060937500000000006 0.07968750000000001
5 0.33359375 0.9453125 0.0890625 0.109375
5 0.13359375 0.8765625 0.0921875 0.12812500000000002