0 0.7445312500000001 0.40937500000000004 0.0328125 0.10625000000000001
0 0.565625 0.3609375 0.046875 0.1125
0 0.55234375 0.27421875 0.0484375 0.0421875
0 0.45156250000000003 0.2171875 0.046875 0.037500000000000006
0 0.34687500000000004 0.31015625 0.034375 0.08281250000000001
0 0.43984375000000003 0.41875 0.0421875 0.040625
0 0.4078125 0.46015625000000004 0.034375 0.0421875
0 0.2890625 0.52890625 0.018750000000000003 0.0578125
0 0.24296875 0.42890625000000004 0.029687500000000002 0.0390625
0 0.1640625 0.44843750000000004 0.028125 0.05
0 0.11640625 0.6585937500000001 0.0484375 0.0421875
0 0.24375000000000002 0.72265625 0.037500000000000006 0.08281250000000001
0 0.31171875000000004 0.6453125000000001 0.035937500000000004 0.046875
0 0.3984375 0.6000000000000001 0.03125 0.040625
0 0.48515625 0.63203125 0.051562500000000004 0.035937500000000004
0 0.53828125 0.6984375 0.0328125 0.05625
0 0.509375 0.7859375000000001 0.025 0.05625
0 0.36562500000000003 0.8421875000000001 0.025 0.059375000000000004
0 0.7289062500000001 0.5890625 0.0703125 0.05
0 0.5984375000000001 0.5453125 0.0625 0.043750000000000004
0 0.5710937500000001 0.46796875000000004 0.06406250000000001 0.0484375