15 0.8460937500000001 0.46640625 0.06406250000000001 0.06406250000000001
15 0.96640625 0.4765625 0.0671875 0.140625
5 0.784375 0.6375000000000001 0.08750000000000001 0.05
5 0.7093750000000001 0.70859375 0.09375 0.0578125
5 0.34687500000000004 0.978125 0.15937500000000002 0.043750000000000004
5 0.9031250000000001 0.9203125000000001 0.09375 0.134375
5 0.75390625 0.7523437500000001 0.0390625 0.0546875
13 0.6140625000000001 0.54921875 0.0625 0.07968750000000001
5 0.5078125 0.703125 0.043750000000000004 0.10625000000000001
0 0.74375 0.90546875 0.043750000000000004 0.060937500000000006
16 0.42109375000000004 0.696875 0.0421875 0.028125
16 0.1953125 0.83203125 0.028125 0.1078125
16 0.29453125 0.81796875 0.0234375 0.045312500000000006
1 0.2734375 0.72265625 0.03125 0.029687500000000002
1 0.28203125 0.8718750000000001 0.026562500000000003 0.037500000000000006
1 0.37109375 0.81640625 0.0203125 0.0421875
1 0.4546875 0.83359375 0.034375 0.0328125
1 0.49296875 0.9109375000000001 0.026562500000000003 0.040625
1 0.4234375 0.93671875 0.0625 0.029687500000000002
16 0.56484375 0.67734375 0.0328125 0.0234375