10 0.63046875 0.7914062500000001 0.026562500000000003 0.0171875
4 0.59296875 0.8078125 0.010937500000000001 0.015625
0 0.53125 0.83515625 0.015625 0.0328125
5 0.48828125 0.8421875000000001 0.0390625 0.053125000000000006
5 0.478125 0.80078125 0.028125 0.0234375
0 0.46640625 0.75703125 0.026562500000000003 0.0234375
11 0.52734375 0.8992187500000001 0.010937500000000001 0.0140625
11 0.6000000000000001 0.9078125 0.021875000000000002 0.015625
7 0.60703125 0.86328125 0.010937500000000001 0.0203125
7 0.6257812500000001 0.85703125 0.0171875 0.0203125
4 0.68515625 0.8890625000000001 0.0140625 0.021875000000000002
3 0.659375 0.8828125 0.0125 0.018750000000000003
16 0.6570312500000001 0.9164062500000001 0.0171875 0.0390625
1 0.65625 0.940625 0.018750000000000003 0.015625
16 0.6984375 0.9265625000000001 0.0125 0.028125
1 0.7195312500000001 0.971875 0.0203125 0.0125
3 0.7289062500000001 0.88671875 0.0171875 0.0203125