3 0.515625 0.25859375 0.096875 0.11093750000000001
3 0.6664062500000001 0.26640625 0.08281250000000001 0.09843750000000001
0 0.925 0.296875 0.12187500000000001 0.084375
7 0.2578125 0.22890625 0.07500000000000001 0.0578125
13 0.1875 0.14375000000000002 0.15000000000000002 0.209375
8 0.18046875 0.2703125 0.18281250000000002 0.07187500000000001
8 0.026562500000000003 0.26015625000000003 0.053125000000000006 0.07968750000000001
8 0.046875 0.32578125 0.0625 0.051562500000000004
8 0.032031250000000004 0.3671875 0.06406250000000001 0.053125000000000006
8 0.115625 0.56171875 0.078125 0.0734375
8 0.28203125 0.48281250000000003 0.0578125 0.05
8 0.28515625 0.521875 0.060937500000000006 0.046875
8 0.728125 0.484375 0.084375 0.05
8 0.84296875 0.35390625000000003 0.08281250000000001 0.029687500000000002
8 0.67578125 0.321875 0.1390625 0.059375000000000004
8 0.8875000000000001 0.57265625 0.08750000000000001 0.0546875
8 0.33515625000000004 0.5875 0.08281250000000001 0.05
0 0.5109375 0.6109375 0.1125 0.084375
11 0.6531250000000001 0.68125 0.08750000000000001 0.125
7 0.46406250000000004 0.7445312500000001 0.07500000000000001 0.07968750000000001
7 0.33515625000000004 0.83203125 0.0859375 0.13593750000000002
2 0.7976562500000001 0.8132812500000001 0.1484375 0.1046875
2 0.9046875000000001 0.9554687500000001 0.096875 0.0890625