3 0.07265625 0.65234375 0.0703125 0.11406250000000001
0 0.1484375 0.971875 0.078125 0.05625
0 0.6171875 0.6000000000000001 0.10625000000000001 0.084375
7 0.27265625 0.5890625 0.0390625 0.059375000000000004
8 0.5015625 0.8953125000000001 0.09062500000000001 0.08750000000000001
8 0.32109375 0.8343750000000001 0.06406250000000001 0.053125000000000006
8 0.32656250000000003 0.875 0.06875 0.05625
8 0.32109375 0.94453125 0.060937500000000006 0.051562500000000004
8 0.2671875 0.9343750000000001 0.07187500000000001 0.059375000000000004
8 0.53125 0.5890625 0.065625 0.053125000000000006
8 0.5515625000000001 0.6890625 0.07500000000000001 0.046875
8 0.525 0.65 0.059375000000000004 0.046875
8 0.47578125000000004 0.6492187500000001 0.0703125 0.045312500000000006
8 0.5390625 0.55859375 0.05625 0.0328125
2 0.7117187500000001 0.90546875 0.15781250000000002 0.1046875
0 0.765625 0.46015625000000004 0.096875 0.06406250000000001
9 0.76953125 0.52890625 0.0890625 0.0734375
8 0.8234375 0.6257812500000001 0.07187500000000001 0.045312500000000006
13 0.9398437500000001 0.44296875 0.1171875 0.0671875
0 0.9906250000000001 0.446875 0.018750000000000003 0.09375
0 0.9789062500000001 0.39921875 0.0421875 0.051562500000000004
8 0.8203125 0.7359375 0.09062500000000001 0.053125000000000006
8 0.93671875 0.81171875 0.0390625 0.0578125
8 0.98046875 0.84921875 0.0390625 0.0578125