5 0.4421875 0.3765625 0.05625 0.07500000000000001
16 0.38984375000000004 0.35859375000000004 0.0421875 0.0234375
1 0.40546875000000004 0.49609375 0.0390625 0.0328125
1 0.325 0.47578125000000004 0.021875000000000002 0.0328125
16 0.28828125 0.42578125 0.0328125 0.0234375
16 0.25234375000000003 0.47500000000000003 0.0203125 0.037500000000000006
1 0.240625 0.3828125 0.034375 0.028125
1 0.23125 0.534375 0.025 0.028125
16 0.1484375 0.4890625 0.028125 0.1
1 0.36328125 0.59609375 0.060937500000000006 0.0203125
1 0.43671875000000004 0.56875 0.029687500000000002 0.037500000000000006
5 0.2765625 0.6742187500000001 0.17500000000000002 0.11406250000000001
5 0.47578125000000004 0.80078125 0.09531250000000001 0.07968750000000001
5 0.6328125 0.7742187500000001 0.084375 0.0671875
5 0.83984375 0.584375 0.1015625 0.14375000000000002
5 0.78671875 0.696875 0.0859375 0.06875
0 0.69296875 0.56953125 0.045312500000000006 0.0578125
5 0.71640625 0.415625 0.0421875 0.05
5 0.76328125 0.3015625 0.0921875 0.046875