8 0.44140625 0.83515625 0.0234375 0.0203125
8 0.42265625 0.8617187500000001 0.0203125 0.0171875
8 0.38593750000000004 0.8406250000000001 0.018750000000000003 0.018750000000000003
0 0.41953125 0.8210937500000001 0.0203125 0.0171875
8 0.4078125 0.8835937500000001 0.028125 0.026562500000000003
9 0.38906250000000003 0.909375 0.028125 0.034375
8 0.34453125 0.81953125 0.0171875 0.0140625
0 0.46718750000000003 0.93515625 0.018750000000000003 0.0234375
8 0.515625 0.8054687500000001 0.028125 0.0203125
8 0.5125000000000001 0.8406250000000001 0.018750000000000003 0.015625
13 0.6023437500000001 0.921875 0.0421875 0.0625
15 0.26328125 0.8226562500000001 0.0390625 0.0328125
15 0.23515625 0.8226562500000001 0.026562500000000003 0.026562500000000003