8 0.48046875 0.53046875 0.060937500000000006 0.09843750000000001
8 0.51953125 0.5593750000000001 0.0390625 0.06875
8 0.5578125 0.5328125 0.05 0.078125
8 0.57265625 0.415625 0.029687500000000002 0.065625
8 0.6179687500000001 0.44765625000000003 0.026562500000000003 0.060937500000000006
8 0.6203125 0.08750000000000001 0.034375 0.078125
8 0.6015625 0.19296875000000002 0.046875 0.1078125
8 0.66171875 0.19687500000000002 0.0234375 0.05625
8 0.6492187500000001 0.24140625000000002 0.029687500000000002 0.07968750000000001
8 0.6273437500000001 0.26875 0.029687500000000002 0.05625
8 0.63984375 0.340625 0.0203125 0.078125
8 0.6585937500000001 0.3453125 0.0171875 0.05
8 0.6046875 0.35625 0.021875000000000002 0.059375000000000004
8 0.6570312500000001 0.46484375 0.0234375 0.060937500000000006
8 0.6664062500000001 0.5085937500000001 0.026562500000000003 0.0578125
8 0.64453125 0.5 0.0140625 0.043750000000000004
8 0.6296875000000001 0.53125 0.018750000000000003 0.05
8 0.6171875 0.5164062500000001 0.028125 0.0421875
8 0.6531250000000001 0.5703125 0.018750000000000003 0.03125
8 0.6062500000000001 0.634375 0.028125 0.059375000000000004
8 0.5640625 0.628125 0.034375 0.07500000000000001
8 0.61640625 0.68125 0.0203125 0.046875
8 0.59921875 0.71875 0.026562500000000003 0.05625
8 0.6312500000000001 0.7429687500000001 0.018750000000000003 0.045312500000000006
8 0.56796875 0.72578125 0.029687500000000002 0.0765625
8 0.5320312500000001 0.77265625 0.0578125 0.08281250000000001
8 0.46953125 0.84375 0.0484375 0.10312500000000001
8 0.4421875 0.765625 0.053125000000000006 0.05
8 0.49921875000000004 0.9750000000000001 0.0390625 0.05
8 0.3359375 0.60078125 0.07500000000000001 0.11093750000000001
8 0.209375 0.57734375 0.12812500000000002 0.17343750000000002
8 0.13125 0.60078125 0.10625000000000001 0.1203125
8 0.57734375 0.30390625000000004 0.0328125 0.0578125