0 0.17734375000000002 0.9539062500000001 0.06406250000000001 0.0921875
0 0.6296875000000001 0.946875 0.06875 0.10625000000000001
0 0.8796875000000001 0.40625 0.1 0.08750000000000001
0 0.65234375 0.3984375 0.07968750000000001 0.09375
0 0.4453125 0.46015625000000004 0.07187500000000001 0.09843750000000001
15 0.90234375 0.23984375000000002 0.1703125 0.1703125
8 0.54296875 0.63984375 0.0578125 0.0546875
2 0.7515625 0.628125 0.12187500000000001 0.096875
13 0.64375 0.6570312500000001 0.146875 0.1046875
2 0.35546875 0.55703125 0.1484375 0.11093750000000001
2 0.43046875 0.815625 0.1765625 0.11875000000000001
2 0.18515625000000002 0.7296875 0.1390625 0.078125
13 0.48281250000000003 0.93359375 0.20625000000000002 0.1328125
2 0.7507812500000001 0.7898437500000001 0.1546875 0.1765625
2 0.8078125 0.9453125 0.115625 0.109375
2 0.98203125 0.9625 0.035937500000000004 0.07500000000000001
8 0.85078125 0.54453125 0.1046875 0.09843750000000001