8 0.1 0.31093750000000003 0.08750000000000001 0.05
8 0.19687500000000002 0.41171875 0.096875 0.08281250000000001
8 0.275 0.390625 0.053125000000000006 0.034375
8 0.21953125 0.278125 0.051562500000000004 0.034375
8 0.2546875 0.328125 0.07187500000000001 0.046875
8 0.33671875 0.39453125 0.0671875 0.0578125
8 0.3453125 0.35703125 0.040625 0.0390625
8 0.29531250000000003 0.5164062500000001 0.05 0.0671875
8 0.3453125 0.4765625 0.05 0.040625
8 0.421875 0.484375 0.046875 0.037500000000000006
8 0.38984375000000004 0.5703125 0.051562500000000004 0.05625
8 0.4390625 0.41796875 0.05 0.035937500000000004
8 0.4625 0.4546875 0.034375 0.028125
8 0.4890625 0.49765625 0.037500000000000006 0.0390625
8 0.4765625 0.51953125 0.037500000000000006 0.0390625
8 0.47109375000000003 0.4140625 0.0421875 0.028125
8 0.51484375 0.46718750000000003 0.0234375 0.043750000000000004
8 0.5578125 0.5796875 0.040625 0.0625
8 0.48281250000000003 0.6531250000000001 0.059375000000000004 0.09375
8 0.50390625 0.7453125 0.0484375 0.09062500000000001
8 0.47500000000000003 0.82578125 0.07500000000000001 0.11406250000000001
8 0.55859375 0.67578125 0.06406250000000001 0.0703125
8 0.6218750000000001 0.696875 0.053125000000000006 0.05
8 0.66171875 0.80625 0.060937500000000006 0.0625
8 0.58984375 0.5828125000000001 0.035937500000000004 0.040625
8 0.61640625 0.6359375 0.035937500000000004 0.043750000000000004
8 0.6328125 0.5765625 0.03125 0.043750000000000004
8 0.80859375 0.796875 0.035937500000000004 0.065625
8 0.80625 0.9265625000000001 0.0625 0.07500000000000001
8 0.70703125 0.9484375 0.0671875 0.10312500000000001
8 0.6648437500000001 0.9867187500000001 0.0390625 0.026562500000000003