2 0.290625 0.80859375 0.153125 0.1484375
2 0.06953125 0.54296875 0.09843750000000001 0.0546875
2 0.10078125 0.37812500000000004 0.0859375 0.053125000000000006
3 0.11484375000000001 0.85703125 0.0484375 0.08281250000000001
11 0.23203125000000002 0.9515625000000001 0.0734375 0.065625
11 0.047656250000000004 0.9617187500000001 0.0484375 0.045312500000000006
2 0.23515625 0.4546875 0.0390625 0.078125
2 0.40625 0.5203125000000001 0.08750000000000001 0.037500000000000006
13 0.055468750000000004 0.64453125 0.11093750000000001 0.1171875
13 0.6640625 0.6570312500000001 0.078125 0.0578125
13 0.7421875 0.4625 0.11875000000000001 0.140625
13 0.5328125 0.90234375 0.059375000000000004 0.0578125
13 0.44609375 0.43125 0.1234375 0.07500000000000001
7 0.49140625000000004 0.40546875000000004 0.035937500000000004 0.035937500000000004
13 0.2078125 0.38671875 0.08750000000000001 0.060937500000000006
0 0.24296875 0.62890625 0.029687500000000002 0.0703125
7 0.39687500000000003 0.815625 0.043750000000000004 0.05
7 0.71484375 0.81015625 0.0484375 0.07968750000000001
8 0.92890625 0.6531250000000001 0.0734375 0.053125000000000006