7 0.43359375 0.33437500000000003 0.0484375 0.040625
7 0.39296875000000003 0.29609375 0.026562500000000003 0.026562500000000003
7 0.40078125000000003 0.38515625000000003 0.026562500000000003 0.035937500000000004
7 0.3875 0.46640625 0.037500000000000006 0.0203125
7 0.46328125000000003 0.4578125 0.029687500000000002 0.028125
7 0.43203125000000003 0.5640625 0.029687500000000002 0.034375
7 0.5109375 0.571875 0.034375 0.028125
7 0.48281250000000003 0.64765625 0.037500000000000006 0.0421875
7 0.525 0.7351562500000001 0.028125 0.0328125
13 0.43281250000000004 0.7976562500000001 0.08125 0.09531250000000001
13 0.42265625 0.8453125 0.08281250000000001 0.084375