13 0.525 0.30312500000000003 0.08125 0.07500000000000001
13 0.5390625 0.4265625 0.05 0.037500000000000006
13 0.49609375 0.48046875 0.0234375 0.029687500000000002
13 0.6671875 0.43593750000000003 0.05625 0.053125000000000006
13 0.64609375 0.38906250000000003 0.0546875 0.040625
13 0.77109375 0.30234375 0.0765625 0.1015625
13 0.7312500000000001 0.3203125 0.040625 0.040625
13 0.41484375 0.5476562500000001 0.029687500000000002 0.0421875
13 0.44375000000000003 0.6117187500000001 0.059375000000000004 0.035937500000000004
13 0.39921875 0.8093750000000001 0.0671875 0.046875
13 0.6820312500000001 0.8171875000000001 0.06406250000000001 0.065625
13 0.096875 0.6328125 0.05 0.07187500000000001