8 0.76171875 0.0703125 0.1703125 0.140625
8 0.58359375 0.16875 0.0890625 0.134375
8 0.52890625 0.07421875 0.0734375 0.09843750000000001
8 0.45937500000000003 0.12734375 0.065625 0.1015625
8 0.40859375000000003 0.0734375 0.045312500000000006 0.09062500000000001
8 0.37734375000000003 0.03671875 0.0484375 0.0734375
8 0.33046875000000003 0.08125 0.051562500000000004 0.08750000000000001
8 0.29531250000000003 0.15000000000000002 0.03125 0.0625
8 0.421875 0.17343750000000002 0.05625 0.115625
8 0.40078125000000003 0.27265625 0.0421875 0.0765625
8 0.37578125 0.32343750000000004 0.035937500000000004 0.08125
8 0.34140625 0.246875 0.0234375 0.05
8 0.36640625000000004 0.421875 0.0484375 0.084375
8 0.35703125 0.5 0.026562500000000003 0.059375000000000004
8 0.39453125 0.49453125000000003 0.0328125 0.06406250000000001
8 0.40546875000000004 0.3953125 0.0234375 0.034375
8 0.45234375000000004 0.43828125 0.0546875 0.09531250000000001
8 0.47968750000000004 0.39921875 0.043750000000000004 0.0765625
8 0.5421875 0.3140625 0.06875 0.134375
8 0.60546875 0.3171875 0.0734375 0.115625
8 0.75390625 0.39609375 0.1296875 0.18281250000000002
8 0.5125000000000001 0.4703125 0.05625 0.084375
8 0.5164062500000001 0.56484375 0.0390625 0.045312500000000006
8 0.62109375 0.64453125 0.0921875 0.1296875
8 0.51484375 0.64765625 0.0578125 0.0921875
8 0.45 0.6484375 0.037500000000000006 0.059375000000000004
8 0.5796875 0.7601562500000001 0.084375 0.15156250000000002
8 0.39453125 0.6640625 0.035937500000000004 0.05625
8 0.40234375 0.59609375 0.0390625 0.06406250000000001
8 0.42421875000000003 0.54296875 0.0484375 0.0546875