1 0.49921875000000004 0.6171875 0.0421875 0.037500000000000006
1 0.47578125000000004 0.6984375 0.0328125 0.040625
1 0.54921875 0.7093750000000001 0.060937500000000006 0.028125
1 0.6734375 0.61640625 0.025 0.0328125
1 0.5750000000000001 0.5796875 0.025 0.034375
1 0.6484375 0.46718750000000003 0.034375 0.03125
5 0.6429687500000001 0.7664062500000001 0.1796875 0.1265625
16 0.74921875 0.55390625 0.035937500000000004 0.1015625
16 0.6468750000000001 0.5609375 0.021875000000000002 0.040625
16 0.60703125 0.5203125000000001 0.0328125 0.028125
16 0.5007812500000001 0.47578125000000004 0.045312500000000006 0.029687500000000002
16 0.3515625 0.4890625 0.043750000000000004 0.03125
5 0.41953125 0.5007812500000001 0.0546875 0.1046875
5 0.28515625 0.6078125000000001 0.0421875 0.05625
5 0.2234375 0.55234375 0.09062500000000001 0.0671875
5 0.16484375 0.77890625 0.1078125 0.15156250000000002
5 0.13828125 0.9140625 0.0859375 0.07187500000000001
0 0.22812500000000002 0.7578125 0.046875 0.065625
5 0.30390625000000004 0.9484375 0.0859375 0.07500000000000001
5 0.4609375 0.9398437500000001 0.096875 0.0921875