15 0.64765625 0.7210937500000001 0.0859375 0.07968750000000001
15 0.72421875 0.80625 0.0484375 0.046875
15 0.3640625 0.8390625 0.07500000000000001 0.078125
15 0.16015625 0.77890625 0.0734375 0.0734375
15 0.16796875 0.5140625 0.060937500000000006 0.08125
15 0.34140625 0.41250000000000003 0.0484375 0.046875
10 0.1609375 0.8203125 0.03125 0.040625
10 0.209375 0.70234375 0.040625 0.0765625
5 0.34140625 0.58125 0.0328125 0.046875
5 0.34453125 0.62265625 0.029687500000000002 0.026562500000000003
5 0.38203125000000004 0.66953125 0.029687500000000002 0.029687500000000002
5 0.42421875000000003 0.69921875 0.029687500000000002 0.026562500000000003
5 0.49296875 0.69140625 0.0578125 0.0578125
5 0.4375 0.59140625 0.018750000000000003 0.0328125
5 0.40703125 0.59765625 0.0171875 0.0203125
5 0.40468750000000003 0.54453125 0.034375 0.0234375
5 0.39140625 0.5109375 0.0328125 0.028125
13 0.4453125 0.5085937500000001 0.021875000000000002 0.0234375
0 0.42500000000000004 0.578125 0.0125 0.015625
16 0.4546875 0.57578125 0.0125 0.0140625
16 0.48671875000000003 0.5921875 0.0171875 0.0125
16 0.51796875 0.6351562500000001 0.010937500000000001 0.010937500000000001
16 0.51328125 0.61640625 0.010937500000000001 0.010937500000000001
16 0.54609375 0.6546875000000001 0.0140625 0.03125
1 0.51875 0.6578125 0.009375000000000001 0.0125
1 0.49765625 0.6257812500000001 0.0078125 0.0171875
1 0.47265625 0.61875 0.0140625 0.0125
1 0.4578125 0.63671875 0.0125 0.0140625
1 0.53046875 0.61328125 0.010937500000000001 0.010937500000000001