13 0.38828125 0.58984375 0.0390625 0.0484375
13 0.2921875 0.88984375 0.043750000000000004 0.08281250000000001
13 0.29453125 0.86640625 0.051562500000000004 0.035937500000000004
13 0.515625 0.85078125 0.065625 0.0421875
13 0.6125 0.659375 0.05625 0.03125
13 0.60078125 0.58984375 0.026562500000000003 0.045312500000000006
13 0.696875 0.5375 0.021875000000000002 0.03125
13 0.7578125 0.48750000000000004 0.040625 0.03125
13 0.8679687500000001 0.47578125000000004 0.051562500000000004 0.035937500000000004
13 0.89765625 0.5109375 0.0421875 0.037500000000000006
13 0.8289062500000001 0.7351562500000001 0.0328125 0.0328125
13 0.91328125 0.6570312500000001 0.0578125 0.0671875
13 0.78515625 0.9171875 0.060937500000000006 0.059375000000000004