0 0.88671875 0.35546875 0.0421875 0.11406250000000001
0 0.79453125 0.53515625 0.029687500000000002 0.0859375
7 0.5203125000000001 0.34218750000000003 0.034375 0.03125
7 0.57421875 0.5328125 0.0171875 0.053125000000000006
16 0.29609375 0.60859375 0.0234375 0.0734375
16 0.140625 0.42500000000000004 0.025 0.1
3 0.19843750000000002 0.58203125 0.037500000000000006 0.0421875
3 0.42578125 0.53515625 0.026562500000000003 0.051562500000000004
4 0.35234375 0.5242187500000001 0.0234375 0.0546875
4 0.6484375 0.4 0.018750000000000003 0.037500000000000006
8 0.7601562500000001 0.44765625000000003 0.0484375 0.026562500000000003
8 0.596875 0.6109375 0.0625 0.046875
11 0.759375 0.6984375 0.028125 0.034375
11 0.6507812500000001 0.76328125 0.035937500000000004 0.0484375
5 0.9109375000000001 0.5921875 0.084375 0.12812500000000002
5 0.96796875 0.49296875 0.06406250000000001 0.051562500000000004
10 0.5265625 0.44296875 0.053125000000000006 0.0578125
10 0.3359375 0.35390625000000003 0.08750000000000001 0.0578125
1 0.21875 0.6960937500000001 0.05 0.035937500000000004
1 0.39687500000000003 0.67890625 0.037500000000000006 0.0421875
2 0.1234375 0.54453125 0.08125 0.0921875
2 0.36953125000000003 0.434375 0.07968750000000001 0.08125