13 0.5242187500000001 0.8968750000000001 0.035937500000000004 0.0625
0 0.52578125 0.78671875 0.026562500000000003 0.0234375
0 0.6156250000000001 0.82421875 0.0125 0.0328125
8 0.62421875 0.790625 0.0203125 0.015625
5 0.5796875 0.85078125 0.03125 0.051562500000000004
5 0.55390625 0.81640625 0.026562500000000003 0.0203125
11 0.6359375 0.8828125 0.0125 0.015625
7 0.71015625 0.796875 0.0140625 0.021875000000000002
10 0.6875 0.73203125 0.025 0.0140625
10 0.73984375 0.7453125 0.0328125 0.018750000000000003
4 0.7757812500000001 0.7992187500000001 0.010937500000000001 0.0234375
3 0.7484375000000001 0.8054687500000001 0.0125 0.0234375
3 0.81796875 0.80390625 0.010937500000000001 0.0234375
16 0.8015625000000001 0.82578125 0.0125 0.0328125
16 0.8500000000000001 0.7484375000000001 0.015625 0.037500000000000006
1 0.8359375 0.8539062500000001 0.025 0.0203125
1 0.7671875 0.85859375 0.015625 0.0203125
11 0.7054687500000001 0.8539062500000001 0.0203125 0.0171875
5 0.6515625 0.85546875 0.034375 0.051562500000000004