8 0.40859375000000003 0.596875 0.1453125 0.16562500000000002
8 0.484375 0.48515625 0.134375 0.1265625
8 0.54609375 0.41328125000000004 0.08281250000000001 0.0890625
8 0.534375 0.33984375 0.059375000000000004 0.0484375
8 0.43828125 0.3328125 0.0578125 0.07500000000000001
8 0.35625 0.36640625000000004 0.08750000000000001 0.0921875
8 0.22421875000000002 0.3515625 0.0859375 0.12187500000000001
8 0.10078125 0.37031250000000004 0.1171875 0.096875
8 0.15000000000000002 0.22109375 0.084375 0.0765625
8 0.17343750000000002 0.1234375 0.07187500000000001 0.07500000000000001
8 0.234375 0.140625 0.034375 0.043750000000000004
8 0.30234375 0.15625 0.051562500000000004 0.05625
8 0.27734375 0.28046875 0.06406250000000001 0.0859375
8 0.35781250000000003 0.23359375000000002 0.084375 0.0859375
8 0.36250000000000004 0.19609375 0.0625 0.0671875
8 0.37421875000000004 0.1453125 0.0734375 0.06875
8 0.34453125 0.10234375000000001 0.0421875 0.0328125
8 0.38359375 0.06875 0.045312500000000006 0.046875
8 0.41015625 0.12890625 0.051562500000000004 0.051562500000000004
8 0.47265625 0.10546875 0.060937500000000006 0.060937500000000006
8 0.48359375000000004 0.17578125 0.045312500000000006 0.0546875
8 0.5242187500000001 0.22578125000000002 0.0546875 0.0703125
8 0.55390625 0.28828125 0.0890625 0.0921875
8 0.6257812500000001 0.3203125 0.060937500000000006 0.065625
8 0.5796875 0.21250000000000002 0.05 0.078125
8 0.578125 0.153125 0.040625 0.046875
8 0.6648437500000001 0.203125 0.0421875 0.046875
8 0.6507812500000001 0.25390625 0.0484375 0.045312500000000006
8 0.7195312500000001 0.21640625000000002 0.0421875 0.0421875
8 0.8343750000000001 0.28671875 0.05 0.045312500000000006
8 0.8171875000000001 0.36796875 0.065625 0.08281250000000001
8 0.8851562500000001 0.3828125 0.0734375 0.084375
8 0.9265625000000001 0.45546875000000003 0.07187500000000001 0.1015625
8 0.95078125 0.51328125 0.0421875 0.0421875
8 0.83359375 0.5398437500000001 0.09843750000000001 0.1046875
8 0.70625 0.375 0.078125 0.078125
8 0.7195312500000001 0.30546875 0.0390625 0.051562500000000004
8 0.7109375 0.546875 0.08125 0.10312500000000001
8 0.278125 0.039843750000000004 0.05 0.0421875
8 0.184375 0.065625 0.046875 0.053125000000000006
8 0.10859375 0.07734375 0.0546875 0.0421875
13 0.86484375 0.1125 0.08281250000000001 0.084375