3 0.51328125 0.30546875 0.1296875 0.11093750000000001
2 0.71015625 0.27890625 0.15156250000000002 0.0859375
7 0.82578125 0.21875 0.09531250000000001 0.06875
3 0.8968750000000001 0.3203125 0.078125 0.109375
2 0.8578125000000001 0.49765625 0.265625 0.2921875
2 0.5375 0.5 0.21875 0.11875000000000001
2 0.7359375 0.6648437500000001 0.1375 0.1609375
2 0.23046875 0.284375 0.30781250000000004 0.37812500000000004
11 0.49609375 0.7093750000000001 0.1546875 0.115625
7 0.6781250000000001 0.7296875 0.10312500000000001 0.09062500000000001
0 0.565625 0.62890625 0.18125000000000002 0.1203125
7 0.83984375 0.78828125 0.1234375 0.1453125
13 0.859375 0.15390625000000002 0.178125 0.2078125
9 0.02734375 0.43359375 0.0546875 0.1421875