13 0.8 0.26015625000000003 0.07500000000000001 0.07968750000000001
2 0.62109375 0.28750000000000003 0.0546875 0.028125
2 0.7718750000000001 0.43828125 0.1 0.1015625
2 0.571875 0.4375 0.08750000000000001 0.08750000000000001
2 0.45156250000000003 0.2984375 0.059375000000000004 0.040625
2 0.5296875 0.2671875 0.046875 0.03125
13 0.44375000000000003 0.34921875 0.06875 0.0671875
0 0.28203125 0.17734375000000002 0.0328125 0.026562500000000003
13 0.37343750000000003 0.253125 0.05 0.034375
13 0.27890625 0.265625 0.035937500000000004 0.03125
9 0.33906250000000004 0.43359375 0.028125 0.035937500000000004
2 0.40703125 0.42109375000000004 0.0578125 0.0546875
11 0.4 0.47421875 0.018750000000000003 0.029687500000000002
3 0.48203125 0.45859375 0.0328125 0.045312500000000006
11 0.453125 0.5109375 0.028125 0.025
11 0.42734375 0.56875 0.0328125 0.05
0 0.40703125 0.6296875000000001 0.0328125 0.043750000000000004
3 0.43359375 0.6921875000000001 0.035937500000000004 0.040625
7 0.46796875000000004 0.6890625 0.035937500000000004 0.037500000000000006
9 0.31562500000000004 0.6218750000000001 0.034375 0.05
13 0.321875 0.690625 0.084375 0.08750000000000001
0 0.18203125 0.5789062500000001 0.035937500000000004 0.035937500000000004
9 0.18125000000000002 0.5320312500000001 0.037500000000000006 0.0484375
2 0.125 0.46406250000000004 0.06875 0.046875
2 0.1703125 0.41953125 0.046875 0.0546875
11 0.54609375 0.51328125 0.0421875 0.045312500000000006
0 0.58046875 0.5703125 0.029687500000000002 0.037500000000000006
9 0.6078125000000001 0.7468750000000001 0.05625 0.084375
9 0.690625 0.82578125 0.059375000000000004 0.0703125
9 0.8078125 0.7359375 0.05 0.053125000000000006
9 0.7328125000000001 0.6062500000000001 0.078125 0.07187500000000001
0 0.6015625 0.3453125 0.021875000000000002 0.037500000000000006
7 0.6265625 0.4390625 0.028125 0.03125
7 0.6960937500000001 0.421875 0.0328125 0.046875
7 0.82734375 0.5750000000000001 0.0234375 0.028125
8 0.8890625000000001 0.6039062500000001 0.034375 0.035937500000000004
8 0.9109375000000001 0.63671875 0.05 0.035937500000000004
8 0.8640625000000001 0.37031250000000004 0.05 0.037500000000000006
8 0.92734375 0.45234375000000004 0.0484375 0.0328125
8 0.9515625000000001 0.41015625 0.028125 0.0328125
9 0.49453125000000003 0.8140625 0.060937500000000006 0.059375000000000004
7 0.665625 0.23359375000000002 0.025 0.026562500000000003
13 0.7046875 0.5015625 0.05 0.034375
13 0.7734375 0.36640625000000004 0.037500000000000006 0.0421875
0 0.6203125 0.37109375 0.025 0.0421875
0 0.47265625 0.22265625 0.029687500000000002 0.026562500000000003
2 0.4609375 0.21250000000000002 0.046875 0.034375
15 0.19765625 0.1296875 0.1609375 0.065625
15 0.14609375 0.17343750000000002 0.0671875 0.053125000000000006