16 0.7125 0.93359375 0.00625 0.029687500000000002
3 0.73203125 0.9187500000000001 0.0078125 0.018750000000000003
4 0.69296875 0.9 0.0078125 0.021875000000000002
3 0.6664062500000001 0.8968750000000001 0.0078125 0.018750000000000003
7 0.6296875000000001 0.8773437500000001 0.0125 0.0171875
7 0.61328125 0.8890625000000001 0.004687500000000001 0.018750000000000003
8 0.6039062500000001 0.9140625 0.0234375 0.018750000000000003
11 0.61640625 0.9320312500000001 0.0171875 0.0140625
10 0.61875 0.8093750000000001 0.021875000000000002 0.0125
4 0.58828125 0.8343750000000001 0.0078125 0.015625
0 0.5359375000000001 0.87265625 0.009375000000000001 0.0328125
8 0.5484375 0.8445312500000001 0.018750000000000003 0.010937500000000001
5 0.4765625 0.84921875 0.025 0.0171875
5 0.49531250000000004 0.8875000000000001 0.028125 0.046875
11 0.5453125 0.93671875 0.009375000000000001 0.0140625
0 0.45546875000000003 0.80859375 0.0203125 0.0203125
16 0.77265625 0.8765625 0.0078125 0.034375
1 0.67578125 0.9539062500000001 0.0140625 0.0140625
1 0.7421875 0.9734375000000001 0.021875000000000002 0.009375000000000001
10 0.6703125000000001 0.8328125000000001 0.021875000000000002 0.009375000000000001