5 0.51875 0.68515625 0.09375 0.1203125
5 0.6898437500000001 0.5484375 0.060937500000000006 0.059375000000000004
5 0.7468750000000001 0.39140625 0.05625 0.08281250000000001
5 0.51015625 0.3921875 0.060937500000000006 0.0625
5 0.42812500000000003 0.5320312500000001 0.1125 0.11406250000000001
5 0.37421875000000004 0.25078125 0.0578125 0.06406250000000001
5 0.50234375 0.27109375 0.060937500000000006 0.09531250000000001
5 0.6546875000000001 0.2765625 0.059375000000000004 0.07500000000000001
5 0.215625 0.31796875 0.08125 0.0921875
5 0.2828125 0.36796875 0.046875 0.045312500000000006
4 0.2 0.46484375 0.028125 0.029687500000000002
4 0.15625 0.5640625 0.021875000000000002 0.040625
4 0.12187500000000001 0.69140625 0.040625 0.0484375
4 0.33828125000000003 0.65 0.029687500000000002 0.05
4 0.3015625 0.4453125 0.028125 0.03125