2 0.85546875 0.7039062500000001 0.0703125 0.1171875
2 0.92578125 0.73203125 0.1484375 0.15156250000000002
2 0.47578125000000004 0.57265625 0.1015625 0.0734375
2 0.49375 0.47421875 0.09062500000000001 0.1015625
2 0.6953125 0.47968750000000004 0.10625000000000001 0.06875
2 0.8453125 0.39453125 0.053125000000000006 0.0703125
2 0.69453125 0.31562500000000004 0.0921875 0.065625
2 0.39687500000000003 0.484375 0.078125 0.043750000000000004
2 0.2625 0.5296875 0.09375 0.065625
2 0.1875 0.71640625 0.08125 0.0765625
2 0.11796875000000001 0.78515625 0.1203125 0.0859375
2 0.33906250000000004 0.7453125 0.09375 0.08750000000000001
2 0.40937500000000004 0.69296875 0.08750000000000001 0.051562500000000004
2 0.45703125 0.8359375 0.1046875 0.140625
11 0.6390625000000001 0.81953125 0.03125 0.0546875
11 0.75 0.88984375 0.053125000000000006 0.0421875
11 0.93359375 0.9 0.07968750000000001 0.08125
11 0.50625 0.9945312500000001 0.046875 0.010937500000000001
0 0.60078125 0.5640625 0.035937500000000004 0.059375000000000004
0 0.8828125 0.5671875000000001 0.034375 0.0625
0 0.26171875 0.34687500000000004 0.0546875 0.034375
7 0.18203125 0.29375 0.026562500000000003 0.034375
7 0.2421875 0.3203125 0.018750000000000003 0.03125
7 0.5375 0.9867187500000001 0.03125 0.026562500000000003
8 0.38046875 0.31953125000000004 0.0734375 0.06406250000000001
8 0.46328125000000003 0.371875 0.0703125 0.05625
8 0.35390625000000003 0.40937500000000004 0.0703125 0.05
8 0.53515625 0.38359375 0.0921875 0.06406250000000001
8 0.59375 0.36953125000000003 0.034375 0.029687500000000002
8 0.4921875 0.21171875 0.06875 0.0390625
8 0.92890625 0.27265625 0.07968750000000001 0.1421875
8 0.9453125 0.39375000000000004 0.08125 0.084375
4 0.515625 0.925 0.034375 0.06875
4 0.47109375000000003 0.95859375 0.0671875 0.07968750000000001
4 0.54296875 0.8640625000000001 0.060937500000000006 0.059375000000000004
3 0.7937500000000001 0.78671875 0.05625 0.0921875
15 0.07578125000000001 0.2171875 0.1078125 0.1875
15 0.259375 0.15390625000000002 0.203125 0.1265625