8 0.0578125 0.14765625000000002 0.109375 0.1390625
8 0.23828125 0.21406250000000002 0.1484375 0.16875
8 0.33671875 0.1796875 0.0546875 0.0625
8 0.21484375 0.09765625 0.06406250000000001 0.0890625
8 0.23125 0.051562500000000004 0.06875 0.053125000000000006
8 0.3453125 0.11406250000000001 0.05 0.08125
8 0.36328125 0.0703125 0.0484375 0.0625
8 0.38984375000000004 0.12109375 0.0390625 0.0671875
8 0.446875 0.06171875 0.043750000000000004 0.06406250000000001
8 0.45546875000000003 0.11015625000000001 0.0390625 0.0546875
8 0.45 0.13515625 0.059375000000000004 0.08281250000000001
8 0.5085937500000001 0.171875 0.045312500000000006 0.0625
8 0.5359375000000001 0.1484375 0.046875 0.059375000000000004
8 0.3796875 0.284375 0.08125 0.10312500000000001
8 0.4390625 0.27421875 0.059375000000000004 0.08281250000000001
8 0.51796875 0.296875 0.0765625 0.125
8 0.5398437500000001 0.25859375 0.0578125 0.060937500000000006
8 0.5476562500000001 0.23750000000000002 0.0421875 0.053125000000000006
8 0.6109375 0.23593750000000002 0.053125000000000006 0.078125
8 0.62890625 0.33203125 0.0546875 0.06406250000000001
8 0.696875 0.34296875000000004 0.037500000000000006 0.0484375
8 0.5789062500000001 0.37890625 0.060937500000000006 0.08281250000000001
8 0.6937500000000001 0.41796875 0.05 0.0734375
8 0.76171875 0.434375 0.0390625 0.05625
8 0.7835937500000001 0.44453125000000004 0.029687500000000002 0.051562500000000004
8 0.72421875 0.49296875 0.0421875 0.060937500000000006
8 0.628125 0.47109375000000003 0.07500000000000001 0.11406250000000001
8 0.6218750000000001 0.6390625000000001 0.109375 0.171875
8 0.81015625 0.6328125 0.0703125 0.10625000000000001
8 0.95703125 0.67109375 0.051562500000000004 0.07968750000000001
8 0.91796875 0.72265625 0.08281250000000001 0.1390625
8 0.87890625 0.7859375000000001 0.0859375 0.12812500000000002
8 0.8656250000000001 0.8359375 0.05625 0.09375
8 0.84921875 0.5164062500000001 0.0328125 0.0578125
8 0.56015625 0.90625 0.1171875 0.12187500000000001
8 0.44140625 0.46875 0.0703125 0.109375