14 0.18906250000000002 0.42265625 0.025 0.0421875
14 0.234375 0.41718750000000004 0.025 0.037500000000000006
5 0.35390625000000003 0.45 0.035937500000000004 0.043750000000000004
5 0.37734375000000003 0.44609375 0.026562500000000003 0.0171875
5 0.4234375 0.4390625 0.025 0.037500000000000006
1 0.4859375 0.47890625000000003 0.025 0.0171875
1 0.47890625000000003 0.49843750000000003 0.0171875 0.015625
1 0.45859375 0.51328125 0.029687500000000002 0.0203125
1 0.49140625000000004 0.525 0.0203125 0.018750000000000003
1 0.51953125 0.48984375 0.029687500000000002 0.0234375
1 0.51875 0.5085937500000001 0.018750000000000003 0.0203125