2 0.503125 0.3171875 0.18125000000000002 0.17500000000000002
10 0.4140625 0.14296875 0.19375 0.1234375
7 0.8359375 0.10078125 0.07500000000000001 0.0734375
10 0.84765625 0.31093750000000003 0.11406250000000001 0.1125
4 0.46875 0.5171875 0.046875 0.12187500000000001
3 0.6203125 0.525 0.046875 0.10312500000000001
3 0.14375000000000002 0.65390625 0.08125 0.08281250000000001
16 0.3484375 0.69921875 0.043750000000000004 0.1640625
1 0.178125 0.9007812500000001 0.1125 0.0546875
1 0.55625 0.8421875000000001 0.084375 0.07500000000000001
7 0.94296875 0.50234375 0.0328125 0.1015625
16 0.029687500000000002 0.33437500000000003 0.05 0.19375
2 0.03359375 0.6062500000000001 0.0671875 0.16875