0 0.23515625 0.6015625 0.0671875 0.053125000000000006
0 0.27421875 0.42890625000000004 0.035937500000000004 0.1015625
0 0.36875 0.6156250000000001 0.0625 0.043750000000000004
0 0.45703125 0.45937500000000003 0.0484375 0.115625
0 0.54453125 0.45156250000000003 0.0421875 0.043750000000000004
0 0.6296875000000001 0.4 0.034375 0.096875
0 0.675 0.51015625 0.034375 0.08281250000000001
0 0.5554687500000001 0.5710937500000001 0.0421875 0.0328125
0 0.5750000000000001 0.6203125 0.037500000000000006 0.053125000000000006
0 0.553125 0.71640625 0.043750000000000004 0.0421875
0 0.44843750000000004 0.7468750000000001 0.05 0.040625
0 0.38203125000000004 0.7859375000000001 0.029687500000000002 0.053125000000000006
0 0.3796875 0.87890625 0.025 0.0546875
0 0.6062500000000001 0.8343750000000001 0.046875 0.046875
0 0.6671875 0.7312500000000001 0.028125 0.06875
0 0.7359375 0.67109375 0.028125 0.0421875
0 0.6484375 0.9359375000000001 0.040625 0.08750000000000001
0 0.49531250000000004 0.9828125000000001 0.025 0.034375
0 0.415625 0.5554687500000001 0.059375000000000004 0.0484375
0 0.8015625000000001 0.7195312500000001 0.028125 0.0421875
0 0.78828125 0.93671875 0.0484375 0.0421875