8 0.096875 0.853125 0.11875000000000001 0.1875
8 0.29765625 0.8859375 0.0734375 0.13125
8 0.38203125000000004 0.7742187500000001 0.0390625 0.0765625
8 0.39765625000000004 0.7000000000000001 0.0484375 0.07500000000000001
8 0.45234375000000004 0.71640625 0.0390625 0.07968750000000001
8 0.50703125 0.7000000000000001 0.0390625 0.08750000000000001
8 0.5437500000000001 0.64765625 0.028125 0.06406250000000001
8 0.571875 0.58828125 0.021875000000000002 0.051562500000000004
8 0.58984375 0.46015625000000004 0.0203125 0.0578125
8 0.6023437500000001 0.39609375 0.0171875 0.0578125
8 0.59765625 0.23203125000000002 0.0171875 0.045312500000000006
8 0.5890625 0.125 0.021875000000000002 0.09375
8 0.60078125 0.08984375 0.0234375 0.0546875
8 0.5710937500000001 0.12109375 0.0203125 0.060937500000000006
8 0.53046875 0.09531250000000001 0.0328125 0.06875
8 0.5515625000000001 0.171875 0.021875000000000002 0.05625
8 0.56171875 0.27265625 0.0203125 0.0671875
8 0.56171875 0.34375 0.0203125 0.05
8 0.57265625 0.37265625 0.0234375 0.0421875
8 0.5828125000000001 0.35078125000000004 0.015625 0.0421875
8 0.51484375 0.27187500000000003 0.0421875 0.06875
8 0.48125 0.26171875 0.037500000000000006 0.0734375
8 0.45625000000000004 0.1859375 0.046875 0.08750000000000001
8 0.52578125 0.1875 0.0234375 0.053125000000000006
8 0.42265625 0.353125 0.0390625 0.046875
8 0.3328125 0.25703125 0.07187500000000001 0.1453125
8 0.23593750000000002 0.28828125 0.115625 0.1921875
8 0.4390625 0.4734375 0.043750000000000004 0.09375
8 0.48828125 0.47421875 0.035937500000000004 0.0734375
8 0.5203125000000001 0.48046875 0.021875000000000002 0.060937500000000006
8 0.5398437500000001 0.5203125000000001 0.0234375 0.05
8 0.56171875 0.50625 0.0203125 0.053125000000000006
8 0.55390625 0.44375000000000003 0.029687500000000002 0.037500000000000006
8 0.51875 0.37109375 0.034375 0.060937500000000006
8 0.5796875 0.20468750000000002 0.03125 0.078125
8 0.278125 0.07734375 0.078125 0.07968750000000001