8 0.19921875 0.41796875 0.1921875 0.2390625
8 0.44453125000000004 0.30625 0.1015625 0.15000000000000002
8 0.42890625000000004 0.44843750000000004 0.09843750000000001 0.09375
8 0.52890625 0.253125 0.0765625 0.10625000000000001
8 0.596875 0.36562500000000003 0.08125 0.109375
8 0.7132812500000001 0.38593750000000004 0.051562500000000004 0.07500000000000001
8 0.7312500000000001 0.2109375 0.043750000000000004 0.10625000000000001
8 0.7859375000000001 0.328125 0.059375000000000004 0.10312500000000001
8 0.8148437500000001 0.50390625 0.060937500000000006 0.1484375
8 0.8515625 0.640625 0.05 0.109375
8 0.98828125 0.21875 0.0234375 0.08750000000000001
8 0.7351562500000001 0.5640625 0.051562500000000004 0.08125
8 0.6546875000000001 0.58125 0.084375 0.13125
8 0.71875 0.7132812500000001 0.08125 0.0765625
8 0.73046875 0.828125 0.060937500000000006 0.09062500000000001
8 0.5906250000000001 0.72265625 0.07500000000000001 0.11406250000000001
8 0.43046875 0.58046875 0.1171875 0.11093750000000001
8 0.24296875 0.6640625 0.1765625 0.17500000000000002