15 0.8054687500000001 0.8015625000000001 0.16718750000000002 0.10312500000000001
15 0.19453125000000002 0.47109375000000003 0.0578125 0.0546875
13 0.340625 0.5398437500000001 0.053125000000000006 0.0546875
5 0.21484375 0.58515625 0.06406250000000001 0.0421875
5 0.15546875000000002 0.64453125 0.0890625 0.060937500000000006
5 0.16953125000000002 0.68515625 0.0859375 0.1046875
5 0.25859375 0.634375 0.0671875 0.043750000000000004
5 0.28125 0.68125 0.03125 0.03125
5 0.3921875 0.6468750000000001 0.043750000000000004 0.06875
5 0.16171875000000002 0.7609375 0.08281250000000001 0.1
5 0.10546875 0.84375 0.060937500000000006 0.05
5 0.19687500000000002 0.9 0.0625 0.053125000000000006
5 0.29296875 0.93125 0.0671875 0.0625
5 0.453125 0.8617187500000001 0.13125 0.09843750000000001
16 0.35390625000000003 0.62421875 0.035937500000000004 0.026562500000000003
16 0.57578125 0.7523437500000001 0.0328125 0.0671875
16 0.5125000000000001 0.7375 0.021875000000000002 0.03125
16 0.5 0.70234375 0.025 0.0203125
16 0.44609375 0.65 0.029687500000000002 0.021875000000000002
1 0.4109375 0.8046875 0.040625 0.021875000000000002
1 0.37031250000000004 0.7820312500000001 0.025 0.0328125
1 0.40703125 0.7367187500000001 0.0328125 0.029687500000000002
1 0.4625 0.7289062500000001 0.021875000000000002 0.029687500000000002
1 0.5375 0.6796875 0.021875000000000002 0.021875000000000002
1 0.5125000000000001 0.7757812500000001 0.021875000000000002 0.026562500000000003
0 0.20468750000000002 0.76328125 0.040625 0.051562500000000004