13 0.5515625000000001 0.75703125 0.025 0.051562500000000004
13 0.415625 0.69296875 0.0125 0.0171875
13 0.34609375000000003 0.7132812500000001 0.0078125 0.0140625
13 0.29765625 0.7125 0.010937500000000001 0.015625
13 0.3171875 0.75 0.025 0.018750000000000003
13 0.25546875 0.66796875 0.0171875 0.0171875
13 0.240625 0.703125 0.018750000000000003 0.018750000000000003
10 0.2 0.7132812500000001 0.009375000000000001 0.0171875
10 0.115625 0.7000000000000001 0.0125 0.0125
15 0.010937500000000001 0.8695312500000001 0.0125 0.060937500000000006
15 0.02109375 0.86640625 0.0171875 0.0421875