13 0.53671875 0.6429687500000001 0.0703125 0.0734375
13 0.3515625 0.521875 0.1125 0.134375
13 0.4578125 0.44062500000000004 0.043750000000000004 0.040625
13 0.36250000000000004 0.340625 0.07187500000000001 0.0625
13 0.35078125000000004 0.26484375 0.0546875 0.06406250000000001
13 0.35546875 0.2265625 0.051562500000000004 0.040625
13 0.47109375000000003 0.19140625 0.051562500000000004 0.0390625
13 0.54140625 0.21640625000000002 0.026562500000000003 0.0390625
13 0.64453125 0.22812500000000002 0.029687500000000002 0.040625
13 0.6531250000000001 0.30312500000000003 0.05625 0.046875
13 0.9187500000000001 0.1265625 0.05 0.05625
13 0.9203125000000001 0.21953125 0.08750000000000001 0.11093750000000001
13 0.98828125 0.38359375 0.0234375 0.0484375
13 0.7859375000000001 0.46406250000000004 0.07187500000000001 0.059375000000000004