8 0.5796875 0.6765625000000001 0.1125 0.1625
8 0.6156250000000001 0.53671875 0.11875000000000001 0.1296875
8 0.65234375 0.4453125 0.0765625 0.08125
8 0.8210937500000001 0.57578125 0.0671875 0.09531250000000001
8 0.9187500000000001 0.55859375 0.08750000000000001 0.09531250000000001
8 0.9921875 0.51171875 0.015625 0.0328125
8 0.971875 0.46015625000000004 0.05625 0.09843750000000001
8 0.92734375 0.37734375000000003 0.0703125 0.0921875
8 0.8671875 0.37031250000000004 0.05625 0.078125
8 0.8578125000000001 0.2734375 0.043750000000000004 0.05
8 0.7484375000000001 0.19843750000000002 0.034375 0.040625
8 0.76953125 0.30312500000000003 0.035937500000000004 0.05
8 0.6984375 0.2484375 0.043750000000000004 0.046875
8 0.69921875 0.18984375 0.0421875 0.045312500000000006
8 0.61484375 0.140625 0.035937500000000004 0.043750000000000004
8 0.6312500000000001 0.20625000000000002 0.040625 0.06875
8 0.69453125 0.328125 0.060937500000000006 0.065625
8 0.7781250000000001 0.384375 0.06875 0.0625
8 0.62421875 0.30078125 0.08281250000000001 0.07968750000000001
8 0.6171875 0.3609375 0.05625 0.05
8 0.5859375 0.234375 0.046875 0.078125
8 0.53515625 0.17343750000000002 0.0484375 0.046875
8 0.50390625 0.08984375 0.0578125 0.0546875
8 0.41484375 0.053125000000000006 0.0421875 0.043750000000000004
8 0.45703125 0.12265625000000001 0.0421875 0.0421875
8 0.42890625000000004 0.146875 0.0734375 0.065625
8 0.38593750000000004 0.09140625000000001 0.043750000000000004 0.035937500000000004
8 0.53828125 0.36250000000000004 0.0578125 0.07187500000000001
8 0.47421875 0.41640625000000003 0.08281250000000001 0.09531250000000001
8 0.43671875000000004 0.25546875 0.07968750000000001 0.0734375
8 0.43125 0.20546875 0.059375000000000004 0.060937500000000006
8 0.36328125 0.16171875000000002 0.051562500000000004 0.0546875
8 0.3015625 0.15234375 0.034375 0.0546875
8 0.2421875 0.140625 0.078125 0.07500000000000001
8 0.2484375 0.2546875 0.07187500000000001 0.078125
8 0.37734375000000003 0.31171875000000004 0.0484375 0.0890625
8 0.35468750000000004 0.41171875 0.09375 0.13593750000000002
8 0.2484375 0.45546875000000003 0.1 0.1203125
8 0.14609375 0.06796875000000001 0.0890625 0.08281250000000001
8 0.2234375 0.053125000000000006 0.065625 0.07500000000000001
8 0.31093750000000003 0.026562500000000003 0.05 0.043750000000000004
13 0.875 0.084375 0.07187500000000001 0.08125