8 0.08125 0.5984375000000001 0.1625 0.17500000000000002
8 0.19609375 0.80078125 0.1015625 0.1046875
8 0.22578125000000002 0.88984375 0.1265625 0.1078125
8 0.31171875000000004 0.759375 0.0859375 0.10625000000000001
8 0.32890625 0.5007812500000001 0.09531250000000001 0.15781250000000002
8 0.5875 0.47500000000000003 0.059375000000000004 0.10312500000000001
8 0.7046875 0.453125 0.034375 0.065625
8 0.76875 0.4140625 0.05625 0.08750000000000001
8 0.6726562500000001 0.51015625 0.0484375 0.0671875
8 0.80078125 0.50546875 0.051562500000000004 0.06406250000000001
8 0.5945312500000001 0.52890625 0.0734375 0.0734375
8 0.3953125 0.7671875 0.07187500000000001 0.10312500000000001
8 0.49921875000000004 0.74921875 0.0703125 0.07968750000000001
8 0.56796875 0.7171875000000001 0.06406250000000001 0.09062500000000001
8 0.578125 0.8046875 0.037500000000000006 0.05
8 0.625 0.80234375 0.053125000000000006 0.0703125
8 0.6898437500000001 0.7484375000000001 0.0484375 0.096875
8 0.6296875000000001 0.8718750000000001 0.05 0.065625
8 0.60859375 0.92109375 0.029687500000000002 0.029687500000000002
8 0.40156250000000004 0.89453125 0.084375 0.0890625
8 0.44609375 0.94921875 0.0703125 0.0703125
8 0.48750000000000004 0.9609375 0.06875 0.07500000000000001
8 0.3796875 0.971875 0.08750000000000001 0.05625