13 0.95703125 0.41484375 0.0859375 0.0703125
13 0.5046875000000001 0.31875000000000003 0.046875 0.037500000000000006
13 0.7781250000000001 0.359375 0.043750000000000004 0.034375
13 0.8265625000000001 0.34375 0.053125000000000006 0.028125
13 0.8054687500000001 0.31328125 0.029687500000000002 0.0328125
13 0.76953125 0.3015625 0.0546875 0.046875
13 0.5265625 0.265625 0.025 0.018750000000000003
13 0.96640625 0.34609375000000003 0.026562500000000003 0.029687500000000002
7 0.0921875 0.48281250000000003 0.037500000000000006 0.046875
7 0.29765625 0.44296875 0.0421875 0.051562500000000004
7 0.48828125 0.42265625 0.045312500000000006 0.045312500000000006
7 0.48281250000000003 0.39375000000000004 0.028125 0.028125
7 0.59765625 0.453125 0.0328125 0.034375
7 0.6882812500000001 0.5390625 0.0484375 0.028125
7 0.77265625 0.58828125 0.0578125 0.060937500000000006
7 0.55625 0.6023437500000001 0.046875 0.060937500000000006
7 0.3640625 0.54609375 0.046875 0.0578125
7 0.7265625 0.7359375 0.05 0.046875