13 0.05859375 0.46484375 0.0765625 0.16718750000000002
2 0.19687500000000002 0.325 0.0625 0.16562500000000002
2 0.21796875000000002 0.28125 0.026562500000000003 0.037500000000000006
2 0.37734375000000003 0.34765625 0.060937500000000006 0.0546875
2 0.25390625 0.4859375 0.0546875 0.07500000000000001
2 0.23671875 0.690625 0.0390625 0.046875
2 0.31093750000000003 0.65546875 0.053125000000000006 0.0421875
2 0.38203125000000004 0.58046875 0.06406250000000001 0.1421875
2 0.44375000000000003 0.484375 0.084375 0.053125000000000006
2 0.46328125000000003 0.4296875 0.0890625 0.046875
2 0.5945312500000001 0.32343750000000004 0.0734375 0.07187500000000001
2 0.8070312500000001 0.39375000000000004 0.07968750000000001 0.05
2 0.6648437500000001 0.54296875 0.045312500000000006 0.0578125
2 0.7718750000000001 0.62265625 0.078125 0.0671875
2 0.70703125 0.7265625 0.1078125 0.1375
2 0.5476562500000001 0.59375 0.06406250000000001 0.065625
2 0.46718750000000003 0.6828125 0.065625 0.065625
2 0.4078125 0.78671875 0.12812500000000002 0.1421875