13 0.39765625000000004 0.92890625 0.035937500000000004 0.060937500000000006
0 0.4296875 0.82421875 0.025 0.0203125
0 0.5046875000000001 0.8921875 0.0125 0.03125
8 0.52109375 0.8617187500000001 0.0203125 0.0140625
5 0.4625 0.9046875000000001 0.03125 0.05
5 0.446875 0.8625 0.025 0.018750000000000003
11 0.50625 0.9539062500000001 0.0125 0.0140625
7 0.60078125 0.8968750000000001 0.0140625 0.021875000000000002
10 0.59765625 0.8265625000000001 0.026562500000000003 0.0125
10 0.6429687500000001 0.85703125 0.0328125 0.0171875
4 0.66171875 0.92109375 0.010937500000000001 0.0234375
3 0.6351562500000001 0.91796875 0.010937500000000001 0.0234375
3 0.7015625000000001 0.9398437500000001 0.009375000000000001 0.0234375
16 0.67890625 0.9554687500000001 0.010937500000000001 0.0328125
16 0.7468750000000001 0.8968750000000001 0.0125 0.037500000000000006
1 0.703125 0.9929687500000001 0.025 0.0140625
1 0.6375000000000001 0.9750000000000001 0.015625 0.018750000000000003
11 0.58046875 0.9500000000000001 0.0203125 0.015625
5 0.52890625 0.93359375 0.0328125 0.0484375