8 0.8828125 0.19140625 0.21250000000000002 0.23593750000000002
8 0.8304687500000001 0.453125 0.13593750000000002 0.171875
8 0.540625 0.33828125000000003 0.08750000000000001 0.1421875
8 0.5281250000000001 0.49609375 0.096875 0.1921875
8 0.434375 0.49843750000000003 0.059375000000000004 0.08750000000000001
8 0.37265625 0.45156250000000003 0.051562500000000004 0.1
8 0.3203125 0.49140625000000004 0.05625 0.1078125
8 0.27578125000000003 0.4890625 0.035937500000000004 0.084375
8 0.35390625000000003 0.61640625 0.035937500000000004 0.0578125
8 0.39375000000000004 0.60546875 0.040625 0.0765625
8 0.40546875000000004 0.5710937500000001 0.0484375 0.1296875
8 0.6218750000000001 0.58359375 0.09062500000000001 0.1171875
8 0.77109375 0.82421875 0.1453125 0.20468750000000002
8 0.515625 0.8656250000000001 0.046875 0.10625000000000001
8 0.53125 0.96640625 0.059375000000000004 0.0671875
8 0.4578125 0.7921875 0.05625 0.11875000000000001
8 0.32890625 0.734375 0.0484375 0.10625000000000001
8 0.30390625000000004 0.75390625 0.0328125 0.0703125
8 0.384375 0.90234375 0.040625 0.0859375