13 0.76171875 0.21953125 0.08281250000000001 0.0890625
2 0.5890625 0.27109375 0.05625 0.035937500000000004
2 0.76171875 0.40078125000000003 0.1078125 0.11093750000000001
2 0.565625 0.4265625 0.096875 0.096875
2 0.42500000000000004 0.3046875 0.0625 0.046875
2 0.49609375 0.26328125 0.0484375 0.035937500000000004
13 0.42421875000000003 0.35625 0.0734375 0.07500000000000001
0 0.23750000000000002 0.20859375000000002 0.034375 0.029687500000000002
13 0.33984375 0.2703125 0.051562500000000004 0.040625
13 0.24921875000000002 0.29609375 0.0390625 0.035937500000000004
9 0.33515625000000004 0.45390625 0.029687500000000002 0.0390625
2 0.40078125000000003 0.43203125000000003 0.060937500000000006 0.060937500000000006
11 0.40234375 0.48750000000000004 0.0234375 0.03125
3 0.48125 0.45937500000000003 0.037500000000000006 0.05
11 0.4609375 0.515625 0.03125 0.028125
11 0.44375000000000003 0.5765625 0.037500000000000006 0.053125000000000006
0 0.43515625 0.6390625000000001 0.035937500000000004 0.046875
3 0.47109375000000003 0.6984375 0.0390625 0.043750000000000004
7 0.503125 0.690625 0.037500000000000006 0.040625
9 0.34375 0.64375 0.040625 0.053125000000000006
13 0.359375 0.7117187500000001 0.09062500000000001 0.09531250000000001
0 0.20390625 0.6195312500000001 0.0390625 0.0390625
9 0.19687500000000002 0.57265625 0.043750000000000004 0.051562500000000004
2 0.13046875 0.5125000000000001 0.0734375 0.05625
2 0.16640625 0.4625 0.051562500000000004 0.059375000000000004
11 0.55234375 0.5046875000000001 0.0484375 0.05
0 0.59609375 0.5578125 0.0328125 0.040625
9 0.6507812500000001 0.7289062500000001 0.06406250000000001 0.0890625
9 0.7453125 0.796875 0.065625 0.078125
9 0.8460937500000001 0.6921875000000001 0.0546875 0.059375000000000004
9 0.7515625 0.57265625 0.084375 0.08281250000000001
0 0.58125 0.33125000000000004 0.025 0.040625
7 0.6203125 0.421875 0.028125 0.034375
7 0.68515625 0.3953125 0.0390625 0.05
7 0.83984375 0.52890625 0.026562500000000003 0.0328125
8 0.90390625 0.54921875 0.035937500000000004 0.0390625
8 0.9320312500000001 0.5796875 0.051562500000000004 0.040625
8 0.8421875000000001 0.32109375 0.053125000000000006 0.045312500000000006
8 0.91796875 0.39375000000000004 0.051562500000000004 0.040625
8 0.9343750000000001 0.34921875 0.03125 0.035937500000000004
9 0.55 0.8109375000000001 0.065625 0.065625
7 0.625 0.21250000000000002 0.028125 0.028125
13 0.70703125 0.47265625 0.051562500000000004 0.0421875
13 0.7523437500000001 0.32890625 0.0421875 0.045312500000000006
0 0.603125 0.35468750000000004 0.03125 0.043750000000000004
0 0.43359375 0.2265625 0.0328125 0.03125
2 0.42031250000000003 0.21875 0.05 0.040625
15 0.14609375 0.17109375000000002 0.1609375 0.0890625
15 0.10312500000000001 0.22109375 0.07187500000000001 0.060937500000000006