5 0.47578125000000004 0.8132812500000001 0.0328125 0.0484375
5 0.4578125 0.7796875000000001 0.025 0.025
0 0.43828125 0.7429687500000001 0.0234375 0.0203125
0 0.5164062500000001 0.79296875 0.0140625 0.0328125
8 0.53046875 0.76171875 0.0234375 0.0140625
8 0.58828125 0.859375 0.026562500000000003 0.021875000000000002
11 0.52734375 0.8539062500000001 0.010937500000000001 0.0140625
11 0.5984375000000001 0.8359375 0.021875000000000002 0.015625
7 0.59609375 0.79296875 0.0078125 0.0203125
7 0.61328125 0.77890625 0.0140625 0.0171875
4 0.5703125 0.7445312500000001 0.009375000000000001 0.0171875
4 0.67578125 0.78671875 0.010937500000000001 0.0234375
3 0.71484375 0.80078125 0.010937500000000001 0.0203125
3 0.6484375 0.7914062500000001 0.009375000000000001 0.0203125
10 0.68125 0.74921875 0.03125 0.0234375
10 0.6039062500000001 0.7171875000000001 0.026562500000000003 0.0125
1 0.6578125 0.8460937500000001 0.015625 0.0203125
1 0.7250000000000001 0.8515625 0.021875000000000002 0.015625
16 0.6960937500000001 0.8171875000000001 0.010937500000000001 0.03125
16 0.7562500000000001 0.7453125 0.009375000000000001 0.034375