8 0.05234375 0.13671875 0.0921875 0.0921875
8 0.046875 0.24765625000000002 0.06875 0.0765625
8 0.19921875 0.08359375000000001 0.045312500000000006 0.0484375
8 0.18281250000000002 0.29375 0.12812500000000002 0.1125
8 0.22578125000000002 0.253125 0.0734375 0.06875
8 0.27734375 0.21484375 0.06406250000000001 0.06406250000000001
8 0.36250000000000004 0.2328125 0.065625 0.065625
8 0.4140625 0.30625 0.09062500000000001 0.07187500000000001
8 0.36640625000000004 0.10390625 0.0703125 0.0546875
8 0.4609375 0.1625 0.05 0.08125
8 0.45703125 0.09609375 0.0484375 0.0671875
8 0.27109375 0.07734375 0.060937500000000006 0.0546875
8 0.28359375000000003 0.13984375000000002 0.0921875 0.0421875
8 0.36953125000000003 0.01171875 0.0484375 0.0234375
8 0.44296875 0.01171875 0.035937500000000004 0.0234375
8 0.453125 0.02421875 0.040625 0.035937500000000004
8 0.4765625 0.010937500000000001 0.046875 0.021875000000000002
8 0.57578125 0.039843750000000004 0.035937500000000004 0.0390625
8 0.5078125 0.109375 0.040625 0.05
8 0.58984375 0.14296875 0.029687500000000002 0.0421875
8 0.5359375000000001 0.23593750000000002 0.07500000000000001 0.05625
8 0.57421875 0.22187500000000002 0.06406250000000001 0.040625
8 0.64609375 0.2421875 0.0578125 0.05
8 0.58046875 0.31484375000000003 0.0390625 0.0546875
8 0.6578125 0.1640625 0.05625 0.05625
8 0.6796875 0.1421875 0.059375000000000004 0.059375000000000004
8 0.74765625 0.21406250000000002 0.051562500000000004 0.07187500000000001
8 0.7820312500000001 0.25625000000000003 0.0234375 0.018750000000000003
8 0.7953125000000001 0.35468750000000004 0.05625 0.08125
8 0.65625 0.4 0.06875 0.0625
8 0.7890625 0.43281250000000004 0.05625 0.065625
8 0.4578125 0.43984375000000003 0.096875 0.1234375
8 0.55625 0.3796875 0.0625 0.065625
8 0.5828125000000001 0.4921875 0.078125 0.078125
8 0.71484375 0.525 0.0859375 0.1375
8 0.54296875 0.5875 0.1390625 0.146875
8 0.55234375 0.7250000000000001 0.09843750000000001 0.13125
8 0.3375 0.47109375000000003 0.09375 0.0921875
8 0.796875 0.6898437500000001 0.1 0.09531250000000001
8 0.9671875000000001 0.5007812500000001 0.065625 0.060937500000000006