13 0.6976562500000001 0.68359375 0.0171875 0.0203125
13 0.6875 0.69453125 0.009375000000000001 0.0140625
13 0.703125 0.6960937500000001 0.015625 0.0203125
13 0.6429687500000001 0.6578125 0.0328125 0.037500000000000006
13 0.6156250000000001 0.6781250000000001 0.0125 0.015625
13 0.6726562500000001 0.7390625000000001 0.0203125 0.0125
13 0.66171875 0.8078125 0.0234375 0.018750000000000003
13 0.7625000000000001 0.82578125 0.025 0.0234375
13 0.7765625 0.671875 0.015625 0.021875000000000002
13 0.7742187500000001 0.64609375 0.0234375 0.0171875
13 0.7890625 0.6421875 0.009375000000000001 0.009375000000000001
10 0.9007812500000001 0.65546875 0.0140625 0.0140625