2 0.1265625 0.05078125 0.10625000000000001 0.0546875
2 0.8773437500000001 0.38203125000000004 0.0921875 0.0921875
2 0.7937500000000001 0.31640625 0.084375 0.06406250000000001
2 0.55859375 0.328125 0.11093750000000001 0.12187500000000001
2 0.7140625 0.19453125000000002 0.10625000000000001 0.0890625
2 0.46718750000000003 0.084375 0.1125 0.078125
2 0.828125 0.23593750000000002 0.10625000000000001 0.084375
2 0.925 0.16953125000000002 0.1 0.08281250000000001
2 0.7781250000000001 0.11171875 0.09062500000000001 0.0671875
2 0.6796875 0.10234375000000001 0.096875 0.0890625
2 0.7828125 0.4859375 0.12812500000000002 0.13125
2 0.2390625 0.34765625 0.15937500000000002 0.1703125
11 0.64609375 0.30781250000000004 0.045312500000000006 0.0625
11 0.47500000000000003 0.5085937500000001 0.053125000000000006 0.0484375
11 0.5796875 0.4375 0.040625 0.06875
4 0.7234375000000001 0.55703125 0.034375 0.0734375
9 0.69140625 0.49140625000000004 0.0578125 0.06406250000000001
9 0.6078125000000001 0.6515625 0.065625 0.12187500000000001
7 0.71640625 0.6421875 0.0328125 0.07187500000000001
3 0.41328125000000004 0.4 0.060937500000000006 0.09062500000000001
11 0.2890625 0.50234375 0.08125 0.0921875
13 0.48359375000000004 0.1875 0.1296875 0.12812500000000002
0 0.58203125 0.18046875 0.0390625 0.0671875
0 0.28828125 0.1625 0.0328125 0.06875
0 0.6843750000000001 0.8054687500000001 0.07500000000000001 0.0671875
13 0.40546875000000004 0.7757812500000001 0.0890625 0.0890625
3 0.33437500000000003 0.8460937500000001 0.05625 0.07968750000000001
5 0.23750000000000002 0.9265625000000001 0.078125 0.146875
5 0.060937500000000006 0.80390625 0.0625 0.1265625