8 0.2515625 0.22734375 0.11875000000000001 0.17343750000000002
8 0.32265625000000003 0.52109375 0.08281250000000001 0.1859375
8 0.2421875 0.6140625000000001 0.11875000000000001 0.15937500000000002
8 0.49843750000000003 0.6515625 0.10625000000000001 0.153125
8 0.45 0.8375 0.09375 0.115625
8 0.45937500000000003 0.49843750000000003 0.08125 0.1125
8 0.5593750000000001 0.5078125 0.05625 0.084375
8 0.50546875 0.40156250000000004 0.045312500000000006 0.084375
8 0.53046875 0.41015625 0.045312500000000006 0.09843750000000001
8 0.5710937500000001 0.37734375000000003 0.0484375 0.0734375
8 0.45390625 0.18671875000000002 0.07968750000000001 0.1453125
8 0.46953125 0.07890625000000001 0.0578125 0.1078125
8 0.5875 0.02109375 0.043750000000000004 0.0421875
8 0.6664062500000001 0.09531250000000001 0.0484375 0.0625
8 0.6921875000000001 0.15000000000000002 0.040625 0.07187500000000001
8 0.61875 0.15859375 0.065625 0.0703125
8 0.60546875 0.26875 0.0578125 0.10625000000000001
8 0.6453125000000001 0.30312500000000003 0.05625 0.096875
8 0.7171875000000001 0.27265625 0.037500000000000006 0.0484375