2 0.51796875 0.36953125000000003 0.21406250000000002 0.19843750000000002
10 0.46875 0.17421875 0.215625 0.15156250000000002
7 0.88203125 0.2421875 0.0890625 0.084375
10 0.8500000000000001 0.453125 0.134375 0.12812500000000002
4 0.4421875 0.55859375 0.07187500000000001 0.1265625
3 0.5867187500000001 0.6062500000000001 0.0671875 0.109375
3 0.1015625 0.60859375 0.096875 0.09531250000000001
16 0.28828125 0.70859375 0.0765625 0.16718750000000002
1 0.08281250000000001 0.86328125 0.12187500000000001 0.0734375
1 0.45859375 0.9031250000000001 0.09843750000000001 0.08750000000000001
7 0.9007812500000001 0.66796875 0.051562500000000004 0.1046875
16 0.059375000000000004 0.26328125 0.09062500000000001 0.19843750000000002
2 0.02890625 0.53046875 0.0578125 0.1796875