13 0.434375 0.34921875 0.08125 0.07968750000000001
13 0.40468750000000003 0.47187500000000004 0.05 0.040625
13 0.44140625 0.5281250000000001 0.0234375 0.03125
13 0.275 0.47265625 0.05625 0.0546875
13 0.30234375 0.42812500000000003 0.0546875 0.043750000000000004
13 0.18906250000000002 0.33359375 0.078125 0.1046875
13 0.22578125000000002 0.35390625000000003 0.0390625 0.0421875
13 0.51484375 0.60078125 0.029687500000000002 0.045312500000000006
13 0.4765625 0.6625000000000001 0.059375000000000004 0.040625
13 0.49531250000000004 0.8625 0.06875 0.053125000000000006
13 0.2109375 0.8523437500000001 0.065625 0.0703125
13 0.8226562500000001 0.7054687500000001 0.051562500000000004 0.0734375