0 0.4859375 0.80078125 0.021875000000000002 0.0203125
0 0.571875 0.8546875 0.0125 0.034375
16 0.7140625 0.88984375 0.0125 0.0390625
16 0.75546875 0.88828125 0.010937500000000001 0.029687500000000002
3 0.7054687500000001 0.859375 0.010937500000000001 0.021875000000000002
3 0.7734375 0.87109375 0.009375000000000001 0.0203125
4 0.73203125 0.8562500000000001 0.010937500000000001 0.021875000000000002
4 0.62109375 0.8078125 0.0078125 0.015625
10 0.65234375 0.78046875 0.0234375 0.0140625
7 0.65 0.85703125 0.009375000000000001 0.0203125
7 0.6664062500000001 0.8460937500000001 0.0140625 0.0171875
11 0.6585937500000001 0.9007812500000001 0.0171875 0.0140625
11 0.5875 0.915625 0.009375000000000001 0.0125
8 0.6492187500000001 0.9242187500000001 0.026562500000000003 0.0234375
1 0.7195312500000001 0.9140625 0.0140625 0.018750000000000003
1 0.78828125 0.9234375 0.0203125 0.0125
5 0.5109375 0.8359375 0.028125 0.021875000000000002
5 0.53359375 0.8734375000000001 0.0328125 0.046875