7 0.34375 0.11640625 0.046875 0.0671875
7 0.44921875 0.25390625 0.07968750000000001 0.1015625
7 0.32890625 0.43671875000000004 0.051562500000000004 0.06406250000000001
7 0.6546875000000001 0.37109375 0.084375 0.09843750000000001
7 0.77109375 0.18671875000000002 0.0578125 0.0765625
7 0.7453125 0.6039062500000001 0.053125000000000006 0.09531250000000001
7 0.42421875000000003 0.5945312500000001 0.035937500000000004 0.0484375
7 0.44296875 0.7515625 0.0546875 0.084375
7 0.6265625 0.72578125 0.06875 0.0703125
7 0.5796875 0.8296875 0.043750000000000004 0.059375000000000004
13 0.01171875 0.7039062500000001 0.0234375 0.06406250000000001
13 0.02734375 0.65625 0.051562500000000004 0.084375