0 0.2484375 0.5085937500000001 0.07500000000000001 0.0546875
0 0.384375 0.49609375 0.06875 0.051562500000000004
0 0.42578125 0.42578125 0.0671875 0.051562500000000004
0 0.27187500000000003 0.32734375000000004 0.046875 0.1078125
0 0.45625000000000004 0.3203125 0.0625 0.11875000000000001
0 0.54296875 0.29453125 0.045312500000000006 0.0484375
0 0.56640625 0.4140625 0.045312500000000006 0.037500000000000006
0 0.6796875 0.33046875000000003 0.043750000000000004 0.08281250000000001
0 0.6234375000000001 0.22890625 0.040625 0.0921875
0 0.7546875000000001 0.478125 0.034375 0.043750000000000004
0 0.82578125 0.5109375 0.0390625 0.046875
0 0.7046875 0.59296875 0.046875 0.0390625
0 0.8500000000000001 0.6273437500000001 0.043750000000000004 0.0421875
0 0.83125 0.7312500000000001 0.05625 0.046875
0 0.6578125 0.76484375 0.05625 0.0703125
0 0.6234375000000001 0.6351562500000001 0.037500000000000006 0.08281250000000001
0 0.5398437500000001 0.80078125 0.045312500000000006 0.09843750000000001
0 0.42890625000000004 0.7156250000000001 0.0421875 0.09375
0 0.41328125000000004 0.6625000000000001 0.0390625 0.05625