0 0.70859375 0.48125 0.051562500000000004 0.040625
8 0.64375 0.51328125 0.05625 0.045312500000000006
8 0.7859375000000001 0.540625 0.043750000000000004 0.040625
8 0.6734375 0.58984375 0.053125000000000006 0.0390625
8 0.6953125 0.64765625 0.0625 0.051562500000000004
8 0.45546875000000003 0.50703125 0.0421875 0.0328125
8 0.43671875000000004 0.4578125 0.0390625 0.043750000000000004
8 0.40937500000000004 0.72265625 0.040625 0.026562500000000003
8 0.27421875 0.759375 0.0484375 0.053125000000000006
11 0.66015625 0.7820312500000001 0.026562500000000003 0.035937500000000004
8 0.4703125 0.4109375 0.065625 0.040625
8 0.47968750000000004 0.46953125 0.037500000000000006 0.029687500000000002
8 0.49843750000000003 0.5203125000000001 0.015625 0.028125
11 0.49453125000000003 0.6453125000000001 0.0234375 0.03125
8 0.27734375 0.63203125 0.035937500000000004 0.029687500000000002
11 0.42031250000000003 0.7406250000000001 0.018750000000000003 0.018750000000000003
0 0.5078125 0.7640625000000001 0.037500000000000006 0.053125000000000006
8 0.9148437500000001 0.49296875 0.0390625 0.0234375
15 0.18515625000000002 0.39375000000000004 0.0734375 0.08125
15 0.25546875 0.3765625 0.08281250000000001 0.0625
9 0.72578125 0.71875 0.0671875 0.08750000000000001