8 0.23203125000000002 0.465625 0.1203125 0.16875
8 0.20390625 0.34453125 0.0890625 0.0921875
8 0.4703125 0.2671875 0.065625 0.11875000000000001
8 0.33359375 0.55625 0.0890625 0.115625
8 0.23671875 0.7484375000000001 0.13593750000000002 0.12812500000000002
8 0.43828125 0.49843750000000003 0.0484375 0.043750000000000004
8 0.5242187500000001 0.47265625 0.0484375 0.07968750000000001
8 0.46796875000000004 0.5484375 0.045312500000000006 0.084375
8 0.55 0.60703125 0.040625 0.0859375
8 0.59140625 0.5203125000000001 0.029687500000000002 0.0625
8 0.56171875 0.42109375000000004 0.026562500000000003 0.0703125
8 0.5875 0.41640625000000003 0.028125 0.051562500000000004
8 0.6117187500000001 0.37109375 0.0234375 0.0484375
8 0.6257812500000001 0.41796875 0.0234375 0.045312500000000006
8 0.56171875 0.3328125 0.035937500000000004 0.07187500000000001
8 0.49375 0.6953125 0.03125 0.07500000000000001
8 0.4375 0.7625000000000001 0.040625 0.06875
8 0.42578125 0.821875 0.035937500000000004 0.043750000000000004
8 0.5125000000000001 0.28515625 0.043750000000000004 0.0765625
8 0.553125 0.24375000000000002 0.059375000000000004 0.08750000000000001
8 0.61875 0.20078125000000002 0.028125 0.0484375
8 0.65625 0.26171875 0.021875000000000002 0.0703125
8 0.5703125 0.10625000000000001 0.037500000000000006 0.078125
8 0.62265625 0.12265625000000001 0.029687500000000002 0.0734375
8 0.60859375 0.04609375 0.0203125 0.029687500000000002
8 0.65 0.1703125 0.015625 0.05625
8 0.6640625 0.12812500000000002 0.025 0.07500000000000001
8 0.67578125 0.17109375000000002 0.0234375 0.06406250000000001
8 0.6328125 0.21484375 0.025 0.0546875
8 0.60546875 0.32421875 0.035937500000000004 0.06406250000000001
8 0.36328125 0.95859375 0.045312500000000006 0.08281250000000001