8 0.21250000000000002 0.32734375000000004 0.1125 0.1171875
8 0.69921875 0.7898437500000001 0.1171875 0.1015625
8 0.043750000000000004 0.453125 0.07500000000000001 0.153125
8 0.87265625 0.5750000000000001 0.11093750000000001 0.1125
8 0.94296875 0.7109375 0.11406250000000001 0.15937500000000002
5 0.63984375 0.32734375000000004 0.1078125 0.1265625
2 0.7781250000000001 0.22109375 0.134375 0.1609375
2 0.81171875 0.1171875 0.1859375 0.134375
7 0.19843750000000002 0.07109375 0.08750000000000001 0.09531250000000001
11 0.31640625 0.3140625 0.07968750000000001 0.078125
0 0.15234375 0.6960937500000001 0.0859375 0.1265625