5 0.34375 0.8171875000000001 0.28750000000000003 0.278125
5 0.3828125 0.403125 0.1625 0.171875
2 0.234375 0.5906250000000001 0.171875 0.16562500000000002
2 0.17343750000000002 0.46796875000000004 0.19062500000000002 0.13593750000000002
2 0.11796875000000001 0.11406250000000001 0.0859375 0.10312500000000001
2 0.56484375 0.33671875 0.13593750000000002 0.1546875
2 0.71640625 0.23359375000000002 0.1703125 0.1453125
11 0.9085937500000001 0.19687500000000002 0.1421875 0.12187500000000001
0 0.97421875 0.19375 0.051562500000000004 0.12812500000000002
0 0.853125 0.98359375 0.1 0.0328125
13 0.80859375 0.7484375000000001 0.1953125 0.203125