8 0.29375 0.2984375 0.19375 0.234375
8 0.39765625000000004 0.22187500000000002 0.1046875 0.15937500000000002
8 0.50703125 0.1625 0.1046875 0.16875
8 0.584375 0.23984375000000002 0.1 0.1203125
8 0.8296875 0.1375 0.10312500000000001 0.140625
8 0.9859375 0.134375 0.028125 0.0625
8 0.98046875 0.33828125000000003 0.035937500000000004 0.0890625
8 0.88828125 0.34921875 0.0703125 0.1015625
8 0.853125 0.2828125 0.065625 0.08750000000000001
8 0.7828125 0.296875 0.09375 0.109375
8 0.7078125000000001 0.46406250000000004 0.078125 0.109375
8 0.6734375 0.62421875 0.07187500000000001 0.1046875
8 0.625 0.54609375 0.08750000000000001 0.13593750000000002
8 0.6015625 0.5765625 0.059375000000000004 0.09375
8 0.534375 0.7078125000000001 0.06875 0.11875000000000001
8 0.578125 0.796875 0.1125 0.18125000000000002
8 0.83359375 0.8070312500000001 0.051562500000000004 0.09531250000000001
8 0.27734375 0.6578125 0.09843750000000001 0.14375000000000002
8 0.36328125 0.84140625 0.1203125 0.16718750000000002
8 0.51171875 0.94921875 0.0703125 0.0734375
8 0.5453125 0.40078125000000003 0.125 0.15781250000000002
8 0.15156250000000002 0.115625 0.18125000000000002 0.23125