13 0.7953125000000001 0.15156250000000002 0.096875 0.10312500000000001
5 0.2421875 0.7156250000000001 0.234375 0.153125
5 0.603125 0.9421875000000001 0.1375 0.115625
5 0.87421875 0.70078125 0.1421875 0.21406250000000002
5 0.75546875 0.478125 0.1234375 0.234375
5 0.6359375 0.35000000000000003 0.07500000000000001 0.140625
5 0.83984375 0.34218750000000003 0.1453125 0.09062500000000001
5 0.83984375 0.45703125 0.051562500000000004 0.0734375
1 0.5625 0.5265625 0.0625 0.059375000000000004
1 0.328125 0.375 0.043750000000000004 0.046875
1 0.40468750000000003 0.49921875000000004 0.040625 0.06406250000000001
1 0.328125 0.578125 0.040625 0.05625
16 0.35000000000000003 0.49843750000000003 0.034375 0.059375000000000004
16 0.39375000000000004 0.43203125000000003 0.046875 0.035937500000000004
16 0.21484375 0.5125000000000001 0.051562500000000004 0.15000000000000002
0 0.940625 0.63671875 0.037500000000000006 0.1015625
5 0.92109375 0.44609375 0.09531250000000001 0.1234375