13 0.628125 0.18515625000000002 0.0625 0.09843750000000001
13 0.73984375 0.3984375 0.0578125 0.078125
13 0.9085937500000001 0.4578125 0.0484375 0.043750000000000004
7 0.88984375 0.45390625 0.0171875 0.0203125
15 0.9617187500000001 0.46406250000000004 0.06406250000000001 0.053125000000000006
15 0.99375 0.48125 0.0125 0.040625
2 0.8210937500000001 0.42500000000000004 0.045312500000000006 0.065625
2 0.796875 0.5632812500000001 0.043750000000000004 0.0328125
2 0.7992187500000001 0.5867187500000001 0.0546875 0.026562500000000003
9 0.70703125 0.6125 0.035937500000000004 0.05
9 0.67734375 0.7078125000000001 0.0703125 0.05625
2 0.66171875 0.571875 0.029687500000000002 0.037500000000000006
2 0.634375 0.52578125 0.040625 0.029687500000000002
11 0.58984375 0.49062500000000003 0.0328125 0.025
9 0.59375 0.4703125 0.034375 0.028125
7 0.55 0.49843750000000003 0.021875000000000002 0.018750000000000003
8 0.63046875 0.47109375000000003 0.026562500000000003 0.0203125
3 0.6023437500000001 0.3875 0.0234375 0.025
2 0.63046875 0.42109375000000004 0.0734375 0.0921875
7 0.51796875 0.51796875 0.026562500000000003 0.035937500000000004
11 0.49140625000000004 0.5828125000000001 0.0234375 0.021875000000000002
8 0.48359375000000004 0.6515625 0.035937500000000004 0.028125
0 0.540625 0.6843750000000001 0.025 0.034375
9 0.6468750000000001 0.9031250000000001 0.053125000000000006 0.059375000000000004
2 0.5398437500000001 0.9375 0.1015625 0.12187500000000001
9 0.47968750000000004 0.9 0.05 0.053125000000000006
9 0.5593750000000001 0.8500000000000001 0.037500000000000006 0.046875
8 0.39453125 0.83359375 0.035937500000000004 0.0328125
9 0.28515625 0.7984375 0.0390625 0.043750000000000004
11 0.2765625 0.74765625 0.028125 0.0234375
0 0.15390625000000002 0.66171875 0.0328125 0.026562500000000003
8 0.1796875 0.7046875 0.037500000000000006 0.034375
8 0.34609375000000003 0.67578125 0.035937500000000004 0.029687500000000002
8 0.36640625000000004 0.7054687500000001 0.0484375 0.035937500000000004
8 0.403125 0.6882812500000001 0.03125 0.026562500000000003
2 0.14453125 0.50625 0.035937500000000004 0.037500000000000006
2 0.22890625 0.49453125000000003 0.0484375 0.029687500000000002
2 0.29453125 0.53828125 0.0578125 0.0484375
2 0.36640625000000004 0.5085937500000001 0.0578125 0.0546875
2 0.37421875000000004 0.5421875 0.0390625 0.034375
8 0.37265625 0.5796875 0.0390625 0.025
2 0.41328125000000004 0.45078125 0.0390625 0.0203125
0 0.565625 0.47109375000000003 0.028125 0.026562500000000003
0 0.5578125 0.46875 0.018750000000000003 0.021875000000000002
13 0.74375 0.65390625 0.05 0.0328125
2 0.71875 0.671875 0.043750000000000004 0.040625
2 0.2390625 0.5632812500000001 0.037500000000000006 0.045312500000000006
2 0.23203125000000002 0.39921875 0.051562500000000004 0.045312500000000006
8 0.2234375 0.3609375 0.037500000000000006 0.025
7 0.22265625 0.44453125000000004 0.0140625 0.0234375
0 0.26015625000000003 0.32265625000000003 0.029687500000000002 0.0234375
11 0.30390625000000004 0.403125 0.0203125 0.018750000000000003
0 0.37812500000000004 0.33828125000000003 0.025 0.0171875
0 0.42109375000000004 0.37421875000000004 0.026562500000000003 0.0234375
0 0.3140625 0.32421875 0.021875000000000002 0.0171875
7 0.5 0.36484375 0.021875000000000002 0.0171875
13 0.48281250000000003 0.34453125 0.046875 0.060937500000000006
8 0.37578125 0.40937500000000004 0.0234375 0.0125
8 0.4421875 0.3953125 0.018750000000000003 0.0125
8 0.46484375 0.4453125 0.0203125 0.018750000000000003
3 0.45937500000000003 0.384375 0.018750000000000003 0.0125
8 0.421875 0.48515625 0.018750000000000003 0.0140625
8 0.4234375 0.49921875000000004 0.018750000000000003 0.0140625
8 0.50546875 0.43984375000000003 0.0140625 0.010937500000000001
8 0.51015625 0.4578125 0.0140625 0.0125
8 0.503125 0.4296875 0.0125 0.0125
4 0.28750000000000003 0.39453125 0.015625 0.0171875
8 0.2921875 0.4234375 0.018750000000000003 0.009375000000000001
8 0.2703125 0.45234375000000004 0.018750000000000003 0.0140625
8 0.290625 0.44765625000000003 0.018750000000000003 0.010937500000000001
8 0.278125 0.46015625000000004 0.018750000000000003 0.0140625
8 0.33828125000000003 0.4390625 0.0171875 0.015625
8 0.30781250000000004 0.43671875000000004 0.015625 0.0140625
9 0.3796875 0.35546875 0.021875000000000002 0.0203125
8 0.35234375 0.42890625000000004 0.010937500000000001 0.0140625
8 0.5234375 0.45390625 0.015625 0.0140625
9 0.41250000000000003 0.57421875 0.034375 0.0328125
9 0.89453125 0.56015625 0.0390625 0.0421875