13 0.5234375 0.52734375 0.028125 0.051562500000000004
13 0.30546875 0.6734375 0.035937500000000004 0.034375
13 0.34687500000000004 0.87890625 0.05625 0.060937500000000006
2 0.6101562500000001 0.7734375 0.060937500000000006 0.043750000000000004
13 0.6781250000000001 0.8265625000000001 0.084375 0.125
13 0.8328125000000001 0.7578125 0.046875 0.034375
13 0.784375 0.50546875 0.046875 0.0578125
13 0.37265625 0.44921875 0.0390625 0.0328125
13 0.4265625 0.48203125 0.021875000000000002 0.0328125
13 0.2328125 0.4890625 0.043750000000000004 0.040625
13 0.1953125 0.6429687500000001 0.1 0.08281250000000001
13 0.2546875 0.446875 0.043750000000000004 0.03125
13 0.51484375 0.59609375 0.0546875 0.045312500000000006