3 0.0203125 0.46406250000000004 0.040625 0.11875000000000001
0 0.5171875 0.6609375000000001 0.109375 0.096875
7 0.21250000000000002 0.496875 0.043750000000000004 0.0625
8 0.27578125000000003 0.86875 0.09531250000000001 0.096875
8 0.1421875 0.7351562500000001 0.065625 0.060937500000000006
8 0.12890625 0.7718750000000001 0.0703125 0.0625
8 0.09140625000000001 0.83125 0.06406250000000001 0.059375000000000004
8 0.047656250000000004 0.7984375 0.0734375 0.065625
8 0.44453125000000004 0.6125 0.0671875 0.059375000000000004
8 0.41875 0.7109375 0.078125 0.053125000000000006
8 0.41250000000000003 0.6640625 0.059375000000000004 0.053125000000000006
8 0.3671875 0.6414062500000001 0.07187500000000001 0.0546875
8 0.46640625 0.5906250000000001 0.0578125 0.040625
2 0.46171875 0.9554687500000001 0.1609375 0.0890625
0 0.71640625 0.60546875 0.09843750000000001 0.0765625
9 0.6890625 0.6664062500000001 0.09062500000000001 0.08281250000000001
8 0.69140625 0.7765625 0.0734375 0.053125000000000006
13 0.88203125 0.6687500000000001 0.1203125 0.08125
0 0.9398437500000001 0.7015625000000001 0.0546875 0.096875
0 0.94453125 0.6507812500000001 0.0578125 0.0578125
8 0.6375000000000001 0.8718750000000001 0.09062500000000001 0.0625
8 0.7078125000000001 0.98046875 0.043750000000000004 0.0390625