8 0.46875 0.6859375000000001 0.115625 0.16562500000000002
8 0.40234375 0.56015625 0.1203125 0.1328125
8 0.3453125 0.484375 0.07500000000000001 0.08125
8 0.21171875 0.6578125 0.0671875 0.096875
8 0.11171875 0.6703125000000001 0.0890625 0.096875
8 0.02109375 0.64765625 0.035937500000000004 0.0328125
8 0.034375 0.59140625 0.065625 0.09843750000000001
8 0.06171875 0.49843750000000003 0.0703125 0.09062500000000001
8 0.11875000000000001 0.47421875 0.05625 0.07968750000000001
8 0.10625000000000001 0.37734375000000003 0.043750000000000004 0.0484375
8 0.1953125 0.275 0.034375 0.043750000000000004
8 0.19843750000000002 0.38203125000000004 0.034375 0.051562500000000004
8 0.2546875 0.309375 0.046875 0.046875
8 0.240625 0.25234375000000003 0.040625 0.045312500000000006
8 0.31171875000000004 0.18125000000000002 0.035937500000000004 0.043750000000000004
8 0.31015625 0.24921875000000002 0.0390625 0.0703125
8 0.2765625 0.384375 0.059375000000000004 0.06875
8 0.209375 0.4625 0.06875 0.065625
8 0.33906250000000004 0.3375 0.084375 0.08125
8 0.359375 0.3921875 0.059375000000000004 0.05
8 0.3609375 0.2625 0.046875 0.078125
8 0.3953125 0.18984375 0.046875 0.0484375
8 0.4078125 0.10078125 0.059375000000000004 0.0546875
8 0.4859375 0.040625 0.043750000000000004 0.043750000000000004
8 0.4609375 0.11875000000000001 0.043750000000000004 0.043750000000000004
8 0.49453125000000003 0.13359375 0.0734375 0.0671875
8 0.52265625 0.06796875000000001 0.045312500000000006 0.035937500000000004
8 0.43671875000000004 0.371875 0.0578125 0.07187500000000001
8 0.5109375 0.40468750000000003 0.084375 0.096875
8 0.5109375 0.23984375000000002 0.08125 0.0765625
8 0.50390625 0.18984375 0.060937500000000006 0.06406250000000001
8 0.5609375 0.12812500000000002 0.05 0.05625
8 0.6171875 0.10312500000000001 0.034375 0.05625
8 0.6726562500000001 0.07500000000000001 0.07968750000000001 0.078125
8 0.69453125 0.18515625000000002 0.0734375 0.07968750000000001
8 0.58125 0.278125 0.05 0.09062500000000001
8 0.6265625 0.36640625000000004 0.096875 0.1390625
8 0.73984375 0.37812500000000004 0.1015625 0.12187500000000001
8 0.74921875 0.00859375 0.0859375 0.0171875
8 0.6703125000000001 0.01171875 0.065625 0.0234375
8 0.58046875 0.00390625 0.051562500000000004 0.0078125
13 0.04609375 0.20234375000000002 0.0734375 0.08281250000000001