8 0.46796875000000004 0.39609375 0.1296875 0.1703125
8 0.42578125 0.09296875 0.1265625 0.1296875
8 0.31875000000000003 0.06171875 0.11875000000000001 0.08281250000000001
8 0.3046875 0.8625 0.109375 0.178125
8 0.6882812500000001 0.35000000000000003 0.08281250000000001 0.115625
8 0.6828125 0.15625 0.10625000000000001 0.146875
8 0.84921875 0.23984375000000002 0.0734375 0.1234375
8 0.8406250000000001 0.36171875000000003 0.084375 0.1484375
8 0.7742187500000001 0.43203125000000003 0.0734375 0.0765625
8 0.67109375 0.5625 0.0890625 0.12812500000000002
8 0.6515625 0.70859375 0.08125 0.11093750000000001
8 0.70859375 0.6976562500000001 0.0765625 0.1234375
8 0.65546875 0.79453125 0.0484375 0.06406250000000001
8 0.80078125 0.6312500000000001 0.0421875 0.084375
8 0.84765625 0.5906250000000001 0.0546875 0.096875
8 0.91171875 0.4625 0.045312500000000006 0.06875
8 0.90234375 0.37031250000000004 0.051562500000000004 0.07500000000000001
8 0.95234375 0.33203125 0.0484375 0.0890625
8 0.971875 0.36015625 0.018750000000000003 0.0859375
8 0.9421875000000001 0.49609375 0.037500000000000006 0.0671875
8 0.94296875 0.5671875000000001 0.045312500000000006 0.078125
8 0.9 0.5984375000000001 0.046875 0.07500000000000001
8 0.88203125 0.6890625 0.035937500000000004 0.059375000000000004
8 0.7742187500000001 0.7140625 0.045312500000000006 0.05625
8 0.78515625 0.7562500000000001 0.0390625 0.059375000000000004
8 0.7984375 0.78671875 0.043750000000000004 0.08281250000000001
8 0.753125 0.8968750000000001 0.05625 0.10312500000000001
8 0.71484375 0.8929687500000001 0.051562500000000004 0.1078125
8 0.55703125 0.9656250000000001 0.06406250000000001 0.06875