13 0.35859375000000004 0.21484375 0.0671875 0.1046875
13 0.29296875 0.4296875 0.060937500000000006 0.08750000000000001
13 0.1375 0.49140625000000004 0.05 0.0484375
7 0.15625 0.48750000000000004 0.018750000000000003 0.021875000000000002
15 0.0859375 0.49843750000000003 0.06875 0.0625
15 0.041406250000000006 0.51484375 0.0484375 0.0484375
2 0.2171875 0.45703125 0.05 0.0703125
2 0.27109375 0.59609375 0.045312500000000006 0.0390625
2 0.27421875 0.61875 0.0546875 0.034375
9 0.371875 0.64375 0.037500000000000006 0.05625
9 0.421875 0.73828125 0.07187500000000001 0.0671875
2 0.4078125 0.6023437500000001 0.03125 0.0390625
2 0.42500000000000004 0.5554687500000001 0.043750000000000004 0.035937500000000004
11 0.4625 0.5203125000000001 0.034375 0.03125
9 0.4546875 0.5 0.037500000000000006 0.034375
7 0.503125 0.5281250000000001 0.021875000000000002 0.021875000000000002
8 0.41796875 0.5015625 0.026562500000000003 0.025
3 0.42734375 0.41718750000000004 0.0234375 0.028125
2 0.40625 0.45078125 0.078125 0.1015625
7 0.5390625 0.54609375 0.028125 0.0390625
11 0.578125 0.6117187500000001 0.025 0.0234375
8 0.6023437500000001 0.6796875 0.0390625 0.034375
0 0.5515625000000001 0.7132812500000001 0.025 0.035937500000000004
9 0.49375 0.9343750000000001 0.05625 0.065625
2 0.60703125 0.94921875 0.1078125 0.1015625
9 0.659375 0.9296875 0.053125000000000006 0.059375000000000004
9 0.5703125 0.8796875000000001 0.040625 0.053125000000000006
8 0.7296875 0.8617187500000001 0.037500000000000006 0.0390625
9 0.83203125 0.8250000000000001 0.0421875 0.05
11 0.828125 0.7742187500000001 0.028125 0.026562500000000003
0 0.93125 0.68671875 0.034375 0.0328125
8 0.9164062500000001 0.73046875 0.0390625 0.0390625
8 0.74375 0.703125 0.037500000000000006 0.034375
8 0.7312500000000001 0.73203125 0.05 0.0421875
8 0.6898437500000001 0.71640625 0.0328125 0.029687500000000002
2 0.9078125 0.53125 0.037500000000000006 0.043750000000000004
2 0.821875 0.5203125000000001 0.05 0.037500000000000006
2 0.765625 0.5640625 0.059375000000000004 0.05625
2 0.6882812500000001 0.5359375000000001 0.060937500000000006 0.0625
2 0.6875 0.5703125 0.040625 0.040625
8 0.6976562500000001 0.6078125000000001 0.0390625 0.03125
2 0.6296875000000001 0.47890625000000003 0.040625 0.026562500000000003
0 0.48281250000000003 0.5 0.028125 0.03125
0 0.48984375 0.49843750000000003 0.0203125 0.025
13 0.34296875000000004 0.68515625 0.051562500000000004 0.0390625
2 0.37265625 0.70234375 0.045312500000000006 0.045312500000000006
2 0.8265625000000001 0.5890625 0.040625 0.05
2 0.7976562500000001 0.42421875000000003 0.0546875 0.051562500000000004
8 0.7992187500000001 0.3875 0.0390625 0.03125
7 0.81640625 0.4703125 0.0140625 0.025
0 0.75390625 0.3484375 0.029687500000000002 0.025
11 0.7265625 0.42890625000000004 0.021875000000000002 0.0203125
0 0.640625 0.36562500000000003 0.025 0.021875000000000002
0 0.6046875 0.40156250000000004 0.028125 0.025
0 0.7000000000000001 0.35078125000000004 0.021875000000000002 0.0203125
7 0.525 0.39375000000000004 0.021875000000000002 0.021875000000000002
13 0.5359375000000001 0.37265625 0.05 0.0671875
8 0.6570312500000001 0.43593750000000003 0.0234375 0.015625
8 0.5890625 0.421875 0.018750000000000003 0.015625
8 0.5765625 0.4734375 0.021875000000000002 0.021875000000000002
3 0.56875 0.41250000000000003 0.018750000000000003 0.015625
8 0.628125 0.51328125 0.018750000000000003 0.0171875
8 0.6296875000000001 0.52734375 0.018750000000000003 0.0171875
8 0.53515625 0.46796875000000004 0.0171875 0.0140625
8 0.534375 0.4859375 0.015625 0.0125
8 0.53515625 0.45937500000000003 0.0140625 0.015625
4 0.74140625 0.42109375000000004 0.0171875 0.0203125
8 0.7429687500000001 0.44921875 0.0203125 0.0140625
8 0.77109375 0.47734375 0.0203125 0.0171875
8 0.75 0.47421875 0.018750000000000003 0.0140625
8 0.76484375 0.48671875000000003 0.0203125 0.0171875
8 0.7015625000000001 0.46640625 0.018750000000000003 0.0171875
8 0.73046875 0.46328125000000003 0.0171875 0.0171875
9 0.6421875 0.3828125 0.021875000000000002 0.021875000000000002
8 0.6843750000000001 0.45546875000000003 0.0125 0.0171875
8 0.5203125000000001 0.48281250000000003 0.018750000000000003 0.015625
9 0.6570312500000001 0.6023437500000001 0.035937500000000004 0.035937500000000004
9 0.17343750000000002 0.59375 0.040625 0.046875