2 0.8343750000000001 0.51484375 0.15000000000000002 0.1640625
2 0.8046875 0.38671875 0.22812500000000002 0.2265625
2 0.53671875 0.596875 0.2734375 0.134375
2 0.14375000000000002 0.88984375 0.22812500000000002 0.1703125
2 0.1796875 0.521875 0.171875 0.12812500000000002
2 0.23828125 0.10234375000000001 0.1921875 0.1765625
2 0.034375 0.57578125 0.06875 0.0671875
0 0.41484375 0.6804687500000001 0.060937500000000006 0.1046875
8 0.6273437500000001 0.0203125 0.0703125 0.040625
8 0.51484375 0.1203125 0.0765625 0.043750000000000004
8 0.5750000000000001 0.14609375 0.059375000000000004 0.0546875
8 0.696875 0.13203125000000002 0.07187500000000001 0.06406250000000001
8 0.73359375 0.24296875 0.0765625 0.07968750000000001
8 0.42109375000000004 0.40390625 0.0546875 0.0546875
8 0.46015625000000004 0.28125 0.0546875 0.046875
8 0.4265625 0.25078125 0.07187500000000001 0.0546875
8 0.7625000000000001 0.86328125 0.12187500000000001 0.1078125
7 0.28203125 0.81015625 0.0765625 0.09531250000000001
8 0.028125 0.5375 0.05625 0.06875