16 0.6960937500000001 0.8031250000000001 0.0140625 0.037500000000000006
16 0.6257812500000001 0.8562500000000001 0.010937500000000001 0.03125
10 0.6000000000000001 0.759375 0.03125 0.018750000000000003
10 0.55859375 0.7289062500000001 0.0234375 0.0140625
4 0.52265625 0.75390625 0.0078125 0.0140625
8 0.48203125 0.76171875 0.0203125 0.0140625
0 0.4625 0.78828125 0.015625 0.0328125
5 0.41953125 0.80078125 0.0328125 0.051562500000000004
5 0.40859375000000003 0.7609375 0.026562500000000003 0.021875000000000002
0 0.39687500000000003 0.7203125 0.021875000000000002 0.021875000000000002
11 0.46015625000000004 0.85078125 0.010937500000000001 0.0140625
11 0.53125 0.85078125 0.018750000000000003 0.0171875
8 0.521875 0.83203125 0.028125 0.0234375
7 0.53671875 0.8070312500000001 0.0078125 0.0203125
7 0.5546875 0.796875 0.015625 0.021875000000000002
3 0.5875 0.8187500000000001 0.009375000000000001 0.018750000000000003
4 0.61328125 0.8226562500000001 0.010937500000000001 0.0234375
3 0.6492187500000001 0.84375 0.010937500000000001 0.018750000000000003
1 0.64765625 0.8968750000000001 0.0203125 0.0125
1 0.5859375 0.87265625 0.015625 0.0203125
5 0.53828125 0.9390625 0.0234375 0.028125