8 0.478125 0.10234375000000001 0.059375000000000004 0.0734375
8 0.5750000000000001 0.07265625 0.05625 0.11406250000000001
8 0.5437500000000001 0.09296875 0.05625 0.09531250000000001
8 0.371875 0.21875 0.065625 0.125
8 0.9265625000000001 0.28671875 0.14375000000000002 0.2421875
8 0.8304687500000001 0.52109375 0.15781250000000002 0.22031250000000002
8 0.6546875000000001 0.48359375000000004 0.16875 0.2234375
8 0.553125 0.33671875 0.078125 0.1203125
8 0.51328125 0.27421875 0.0765625 0.1484375
8 0.32578125 0.23750000000000002 0.051562500000000004 0.08750000000000001
8 0.6515625 0.659375 0.11875000000000001 0.134375
8 0.38046875 0.75 0.1203125 0.19687500000000002
8 0.29921875000000003 0.7234375000000001 0.0734375 0.15937500000000002
8 0.49609375 0.465625 0.0859375 0.115625
8 0.41796875 0.51875 0.060937500000000006 0.1
8 0.33906250000000004 0.38125000000000003 0.059375000000000004 0.09375
8 0.36250000000000004 0.5375 0.07500000000000001 0.140625
8 0.44062500000000004 0.02421875 0.05 0.029687500000000002
8 0.6296875000000001 0.98359375 0.140625 0.0328125