2 0.7054687500000001 0.7203125 0.0765625 0.053125000000000006
2 0.63203125 0.79609375 0.0578125 0.0421875
2 0.62265625 0.7359375 0.051562500000000004 0.07187500000000001
2 0.58984375 0.80078125 0.0546875 0.0578125
2 0.4921875 0.9015625 0.115625 0.1125
2 0.43359375 0.8210937500000001 0.0703125 0.06406250000000001
2 0.37031250000000004 0.78125 0.065625 0.08125
2 0.390625 0.6000000000000001 0.05625 0.059375000000000004
2 0.26875 0.68359375 0.043750000000000004 0.0546875
2 0.146875 0.52734375 0.05625 0.0484375
2 0.23828125 0.8765625 0.11406250000000001 0.146875
2 0.446875 0.5867187500000001 0.059375000000000004 0.0859375
13 0.36875 0.6664062500000001 0.078125 0.1640625