2 0.49375 0.37031250000000004 0.053125000000000006 0.096875
2 0.58984375 0.38984375000000004 0.0703125 0.0421875
2 0.71484375 0.45625000000000004 0.0859375 0.03125
2 0.5078125 0.534375 0.046875 0.034375
2 0.7976562500000001 0.40078125000000003 0.0546875 0.029687500000000002
2 0.9640625 0.35390625000000003 0.03125 0.026562500000000003
2 0.9515625000000001 0.49296875 0.059375000000000004 0.0484375
2 0.734375 0.49140625000000004 0.078125 0.035937500000000004
2 0.9453125 0.61640625 0.034375 0.026562500000000003
2 0.7976562500000001 0.5515625000000001 0.0421875 0.084375
2 0.77265625 0.6882812500000001 0.1078125 0.0859375
2 0.7117187500000001 0.62109375 0.06406250000000001 0.0390625
2 0.63203125 0.5632812500000001 0.060937500000000006 0.0484375
2 0.46718750000000003 0.6585937500000001 0.096875 0.0859375
2 0.40078125000000003 0.58984375 0.0703125 0.035937500000000004