4 0.9 0.13671875 0.065625 0.1953125
11 0.7781250000000001 0.1546875 0.084375 0.134375
8 0.8296875 0.0421875 0.07187500000000001 0.084375
8 0.2 0.17578125 0.15937500000000002 0.2328125
2 0.14765625000000002 0.52734375 0.2328125 0.4265625
7 0.2484375 0.87890625 0.09062500000000001 0.1609375
7 0.87109375 0.6671875 0.1609375 0.19062500000000002
8 0.58984375 0.915625 0.0859375 0.125
8 0.5796875 0.67890625 0.08125 0.1234375
8 0.54609375 0.403125 0.08281250000000001 0.115625
8 0.45937500000000003 0.6890625 0.065625 0.109375
8 0.31562500000000004 0.94296875 0.07500000000000001 0.07968750000000001
8 0.41250000000000003 0.60859375 0.084375 0.0859375