8 0.52578125 0.35078125000000004 0.1265625 0.1609375
8 0.72578125 0.078125 0.1265625 0.15625
8 0.83984375 0.08203125 0.1203125 0.1328125
8 0.421875 0.84296875 0.10625000000000001 0.17343750000000002
8 0.36015625 0.21875 0.07968750000000001 0.109375
8 0.46640625 0.057031250000000006 0.1015625 0.11406250000000001
8 0.28046875 0.05625 0.0703125 0.1125
8 0.22421875000000002 0.16640625 0.08281250000000001 0.1453125
8 0.24453125 0.2578125 0.0703125 0.07187500000000001
8 0.26484375 0.41953125 0.0859375 0.1234375
8 0.20546875 0.56015625 0.07968750000000001 0.1078125
8 0.1625 0.52734375 0.07500000000000001 0.1203125
8 0.15781250000000002 0.6359375 0.046875 0.0625
8 0.11796875000000001 0.42812500000000003 0.0421875 0.08125
8 0.09843750000000001 0.371875 0.053125000000000006 0.09375
8 0.11093750000000001 0.22890625 0.043750000000000004 0.0671875
8 0.16640625 0.14921875 0.051562500000000004 0.0734375
8 0.14375000000000002 0.09375 0.046875 0.08750000000000001
8 0.09531250000000001 0.10625000000000001 0.053125000000000006 0.08750000000000001
8 0.06406250000000001 0.09765625 0.034375 0.0671875
8 0.06796875000000001 0.246875 0.035937500000000004 0.065625
8 0.028125 0.31171875000000004 0.046875 0.0765625
8 0.05 0.35625 0.046875 0.07187500000000001
8 0.017968750000000002 0.446875 0.035937500000000004 0.059375000000000004
8 0.09843750000000001 0.51484375 0.043750000000000004 0.0546875
8 0.06640625 0.5484375 0.0390625 0.059375000000000004
8 0.039843750000000004 0.5703125 0.0421875 0.08125
8 0.0234375 0.6898437500000001 0.046875 0.09843750000000001
8 0.055468750000000004 0.7015625000000001 0.0484375 0.10625000000000001
8 0.14375000000000002 0.84921875 0.0625 0.1015625