15 0.059375000000000004 0.47109375000000003 0.11875000000000001 0.2671875
15 0.13515625 0.4765625 0.1203125 0.24375000000000002
15 0.23125 0.4234375 0.1125 0.134375
15 0.34687500000000004 0.390625 0.1375 0.15000000000000002
0 0.45703125 0.42265625 0.1078125 0.09531250000000001
0 0.6703125000000001 0.40390625 0.084375 0.0671875
0 0.65390625 0.45937500000000003 0.0703125 0.109375
13 0.7359375 0.43671875000000004 0.1125 0.0890625
0 0.909375 0.4296875 0.09375 0.06875
9 0.909375 0.5 0.084375 0.084375
8 0.8601562500000001 0.6023437500000001 0.0703125 0.051562500000000004
8 0.8671875 0.71015625 0.08750000000000001 0.060937500000000006
8 0.7562500000000001 0.8070312500000001 0.040625 0.06406250000000001
8 0.6960937500000001 0.8515625 0.0765625 0.065625
8 0.8851562500000001 0.91796875 0.045312500000000006 0.0171875
8 0.525 0.8125 0.07500000000000001 0.053125000000000006
8 0.41718750000000004 0.93515625 0.07187500000000001 0.06406250000000001
8 0.5007812500000001 0.9085937500000001 0.0765625 0.0578125
8 0.5789062500000001 0.85703125 0.06406250000000001 0.06406250000000001
8 0.28750000000000003 0.596875 0.140625 0.11875000000000001
2 0.30312500000000003 0.7406250000000001 0.2 0.20625000000000002
4 0.52265625 0.7000000000000001 0.0578125 0.07187500000000001
11 0.5828125000000001 0.7250000000000001 0.06875 0.065625