3 0.9359375000000001 0.59375 0.05625 0.109375
0 0.9085937500000001 0.946875 0.060937500000000006 0.10625000000000001
0 0.3875 0.6312500000000001 0.096875 0.07500000000000001
7 0.728125 0.5640625 0.034375 0.05625
8 0.5484375 0.90234375 0.08125 0.07968750000000001
8 0.7171875000000001 0.8125 0.059375000000000004 0.046875
8 0.71875 0.8539062500000001 0.0625 0.0484375
8 0.734375 0.91953125 0.05625 0.045312500000000006
8 0.78671875 0.90234375 0.0671875 0.051562500000000004
8 0.47187500000000004 0.6062500000000001 0.059375000000000004 0.046875
8 0.465625 0.7078125000000001 0.07187500000000001 0.037500000000000006
8 0.48671875000000003 0.6640625 0.0546875 0.040625
8 0.53515625 0.6570312500000001 0.0671875 0.0390625
8 0.45937500000000003 0.578125 0.053125000000000006 0.028125
2 0.33906250000000004 0.9453125 0.15000000000000002 0.08750000000000001
0 0.21875 0.5164062500000001 0.09375 0.0546875
9 0.225 0.58515625 0.08125 0.06406250000000001
8 0.18671875000000002 0.6898437500000001 0.0671875 0.035937500000000004
13 0.05 0.52890625 0.1 0.0546875
0 0.0078125 0.49375 0.015625 0.046875
8 0.20546875 0.796875 0.0859375 0.043750000000000004
8 0.1015625 0.8914062500000001 0.034375 0.0546875
8 0.046875 0.93671875 0.06875 0.051562500000000004