2 0.5640625 0.7203125 0.08125 0.0625
2 0.47890625000000003 0.7140625 0.060937500000000006 0.07500000000000001
2 0.47500000000000003 0.7718750000000001 0.059375000000000004 0.05
2 0.434375 0.7664062500000001 0.0625 0.06406250000000001
2 0.30078125 0.6429687500000001 0.0859375 0.0765625
2 0.2859375 0.59296875 0.05625 0.0421875
2 0.07890625000000001 0.76171875 0.09531250000000001 0.1609375
2 0.31328125 0.8406250000000001 0.13593750000000002 0.140625
2 0.0484375 0.4078125 0.053125000000000006 0.05
13 0.22890625 0.6078125000000001 0.1390625 0.20625000000000002
2 0.26015625000000003 0.52265625 0.06406250000000001 0.1171875