0 0.70859375 0.8382812500000001 0.0703125 0.1234375
0 0.7625000000000001 0.9015625 0.08750000000000001 0.07187500000000001
0 0.2078125 0.4859375 0.05625 0.1125
0 0.115625 0.26406250000000003 0.043750000000000004 0.084375
2 0.36484375 0.28671875 0.18281250000000002 0.15156250000000002
2 0.209375 0.6179687500000001 0.19687500000000002 0.13593750000000002
2 0.50390625 0.53046875 0.15156250000000002 0.11093750000000001
2 0.8148437500000001 0.6468750000000001 0.1703125 0.09062500000000001
2 0.14375000000000002 0.33515625000000004 0.11875000000000001 0.1015625
13 0.540625 0.359375 0.225 0.19062500000000002
13 0.15000000000000002 0.7992187500000001 0.23750000000000002 0.2546875
13 0.82421875 0.47500000000000003 0.3515625 0.35000000000000003
13 0.9304687500000001 0.7046875 0.0859375 0.125