2 0.10859375 0.40390625 0.0921875 0.1546875
2 0.14765625000000002 0.55859375 0.06406250000000001 0.060937500000000006
2 0.2578125 0.484375 0.07500000000000001 0.084375
2 0.19375 0.3203125 0.07187500000000001 0.178125
2 0.37734375000000003 0.32343750000000004 0.0578125 0.05625
2 0.5710937500000001 0.275 0.07968750000000001 0.078125
2 0.8078125 0.3296875 0.08125 0.065625
2 0.7046875 0.49062500000000003 0.053125000000000006 0.065625
2 0.596875 0.5546875 0.065625 0.07500000000000001
2 0.4703125 0.453125 0.084375 0.078125
2 0.47968750000000004 0.39687500000000003 0.09375 0.07187500000000001
2 0.82421875 0.56171875 0.0765625 0.060937500000000006
2 0.7859375000000001 0.67109375 0.12187500000000001 0.16718750000000002
2 0.540625 0.65546875 0.06875 0.07968750000000001
2 0.43515625 0.5578125 0.0734375 0.15000000000000002