13 0.53046875 0.32421875 0.07968750000000001 0.0734375
13 0.5390625 0.44921875 0.05 0.035937500000000004
13 0.4921875 0.49921875000000004 0.021875000000000002 0.029687500000000002
13 0.6671875 0.46640625 0.05625 0.051562500000000004
13 0.64765625 0.41875 0.0546875 0.037500000000000006
13 0.775 0.340625 0.07500000000000001 0.1
13 0.734375 0.35546875 0.040625 0.0390625
13 0.41015625 0.5609375 0.029687500000000002 0.040625
13 0.43593750000000003 0.628125 0.05625 0.034375
13 0.38359375 0.8226562500000001 0.0671875 0.045312500000000006
13 0.6648437500000001 0.85078125 0.06406250000000001 0.06406250000000001
13 0.0890625 0.625 0.046875 0.07187500000000001