0 0.041406250000000006 0.87109375 0.0578125 0.11406250000000001
0 0.49765625 0.9085937500000001 0.06406250000000001 0.1015625
0 0.88828125 0.41484375 0.09531250000000001 0.07968750000000001
0 0.6640625 0.37812500000000004 0.07500000000000001 0.08750000000000001
0 0.43984375000000003 0.41171875 0.0671875 0.0921875
15 0.93671875 0.25546875 0.1265625 0.15781250000000002
8 0.4921875 0.6000000000000001 0.05625 0.05
2 0.70234375 0.6140625000000001 0.1171875 0.08750000000000001
13 0.58828125 0.62890625 0.1421875 0.0921875
2 0.325 0.49375 0.14375000000000002 0.1
2 0.33359375 0.75390625 0.1703125 0.1046875
2 0.11093750000000001 0.63984375 0.134375 0.0671875
13 0.34687500000000004 0.90546875 0.19687500000000002 0.1796875
2 0.6609375000000001 0.77109375 0.146875 0.1640625
2 0.6765625000000001 0.9320312500000001 0.109375 0.1046875
2 0.88828125 0.9710937500000001 0.1296875 0.0578125
8 0.82421875 0.5453125 0.09843750000000001 0.09062500000000001