0 0.2109375 0.6023437500000001 0.043750000000000004 0.11093750000000001
2 0.23750000000000002 0.6429687500000001 0.23750000000000002 0.18906250000000002
2 0.3296875 0.26406250000000003 0.12812500000000002 0.125
2 0.5437500000000001 0.046875 0.15937500000000002 0.09375
2 0.64453125 0.7289062500000001 0.23593750000000002 0.21406250000000002
2 0.91328125 0.78828125 0.17343750000000002 0.15781250000000002
2 0.9148437500000001 0.9171875 0.1484375 0.10625000000000001
2 0.22031250000000002 0.22968750000000002 0.08125 0.065625
8 0.5867187500000001 0.43281250000000004 0.0546875 0.03125
8 0.6257812500000001 0.29765625 0.0578125 0.045312500000000006
8 0.6492187500000001 0.359375 0.0578125 0.034375
8 0.7312500000000001 0.259375 0.065625 0.05625
8 0.74140625 0.31953125000000004 0.051562500000000004 0.045312500000000006
8 0.7828125 0.35234375 0.046875 0.0421875
8 0.8835937500000001 0.43828125 0.060937500000000006 0.0328125
8 0.9437500000000001 0.4375 0.028125 0.05625
8 0.88671875 0.5867187500000001 0.0546875 0.07968750000000001
11 0.79609375 0.21953125 0.060937500000000006 0.0890625
4 0.77109375 0.11796875000000001 0.051562500000000004 0.08281250000000001
13 0.8226562500000001 0.08828125 0.1421875 0.1765625