8 0.3046875 0.20078125000000002 0.1125 0.16718750000000002
8 0.37734375000000003 0.50234375 0.0734375 0.18281250000000002
8 0.29765625 0.5875 0.11406250000000001 0.153125
8 0.5546875 0.65 0.1 0.146875
8 0.5078125 0.8304687500000001 0.08750000000000001 0.11093750000000001
8 0.5140625 0.49296875 0.078125 0.1078125
8 0.61484375 0.5125000000000001 0.0546875 0.08125
8 0.5593750000000001 0.40078125000000003 0.040625 0.08281250000000001
8 0.5859375 0.41171875 0.040625 0.09843750000000001
8 0.625 0.3828125 0.046875 0.07187500000000001
8 0.5078125 0.18046875 0.07500000000000001 0.1421875
8 0.52265625 0.07500000000000001 0.0546875 0.10625000000000001
8 0.6414062500000001 0.0234375 0.0390625 0.046875
8 0.7203125 0.11093750000000001 0.046875 0.059375000000000004
8 0.74609375 0.16718750000000002 0.035937500000000004 0.07187500000000001
8 0.6734375 0.16953125000000002 0.0625 0.0671875
8 0.659375 0.278125 0.053125000000000006 0.10312500000000001
8 0.69921875 0.31640625 0.051562500000000004 0.09531250000000001
8 0.7718750000000001 0.29296875 0.034375 0.045312500000000006