0 0.125 0.534375 0.037500000000000006 0.07500000000000001
0 0.1859375 0.47890625000000003 0.037500000000000006 0.0765625
0 0.28750000000000003 0.41640625000000003 0.065625 0.051562500000000004
0 0.3328125 0.40390625 0.043750000000000004 0.035937500000000004
0 0.44843750000000004 0.415625 0.05625 0.05
0 0.41718750000000004 0.48046875 0.028125 0.06406250000000001
0 0.29140625000000003 0.47500000000000003 0.0203125 0.034375
0 0.27421875 0.5085937500000001 0.035937500000000004 0.0703125
0 0.23828125 0.5859375 0.06406250000000001 0.043750000000000004
0 0.15078125 0.63984375 0.051562500000000004 0.051562500000000004
0 0.3015625 0.6585937500000001 0.034375 0.0703125
0 0.32343750000000004 0.6421875 0.028125 0.028125
0 0.35781250000000003 0.6039062500000001 0.03125 0.0578125
0 0.3296875 0.55078125 0.025 0.0546875
0 0.49296875 0.5320312500000001 0.029687500000000002 0.045312500000000006
0 0.5609375 0.45390625 0.028125 0.029687500000000002
0 0.69296875 0.44375000000000003 0.035937500000000004 0.034375
0 0.7046875 0.46484375 0.05 0.0390625
0 0.6218750000000001 0.56953125 0.040625 0.035937500000000004
0 0.5164062500000001 0.625 0.0328125 0.0625
0 0.465625 0.69453125 0.043750000000000004 0.051562500000000004
0 0.45625000000000004 0.7640625000000001 0.037500000000000006 0.046875