0 0.63828125 0.34609375000000003 0.0765625 0.0421875
9 0.65390625 0.39687500000000003 0.0578125 0.05
8 0.64609375 0.58125 0.0703125 0.037500000000000006
8 0.70625 0.7734375 0.053125000000000006 0.043750000000000004
8 0.8054687500000001 0.8226562500000001 0.0578125 0.0421875
8 0.8132812500000001 0.85859375 0.0546875 0.0421875
8 0.5546875 0.8171875000000001 0.05625 0.053125000000000006
2 0.6203125 0.9171875 0.1625 0.16562500000000002
2 0.77109375 0.7015625000000001 0.1203125 0.06875
8 0.9812500000000001 0.40468750000000003 0.037500000000000006 0.05
11 0.403125 0.6101562500000001 0.053125000000000006 0.0421875
4 0.34765625 0.59609375 0.0390625 0.0546875
8 0.36328125 0.690625 0.060937500000000006 0.028125
8 0.42031250000000003 0.7234375000000001 0.046875 0.043750000000000004
8 0.3609375 0.77265625 0.059375000000000004 0.0328125
8 0.29609375 0.8 0.0546875 0.040625
8 0.321875 0.82578125 0.05625 0.0390625
8 0.2921875 0.92578125 0.046875 0.0421875
15 0.0421875 0.3921875 0.084375 0.19375
15 0.12812500000000002 0.340625 0.084375 0.153125
15 0.1875 0.328125 0.037500000000000006 0.10625000000000001
0 0.25 0.3640625 0.084375 0.06875
2 0.16562500000000002 0.6429687500000001 0.146875 0.1453125
7 0.1375 0.8054687500000001 0.034375 0.0671875
2 0.15703125 0.9625 0.1484375 0.07500000000000001