2 0.63828125 0.77734375 0.0328125 0.0484375
2 0.42109375000000004 0.87265625 0.1046875 0.1046875
2 0.40625 0.796875 0.059375000000000004 0.053125000000000006
2 0.5625 0.7515625 0.05 0.034375
2 0.6507812500000001 0.67578125 0.0765625 0.045312500000000006
2 0.584375 0.6234375000000001 0.053125000000000006 0.0625
2 0.53515625 0.5320312500000001 0.060937500000000006 0.026562500000000003
2 0.44453125000000004 0.47578125000000004 0.0734375 0.045312500000000006
2 0.43671875000000004 0.58125 0.07968750000000001 0.046875
2 0.48046875 0.6390625000000001 0.0390625 0.12187500000000001
2 0.43671875000000004 0.6390625000000001 0.0484375 0.043750000000000004
2 0.32578125 0.71640625 0.0546875 0.0734375
2 0.26328125 0.546875 0.060937500000000006 0.08125
2 0.25859375 0.48046875 0.0546875 0.035937500000000004
2 0.20390625 0.67578125 0.0421875 0.0484375
2 0.16796875 0.8703125 0.09531250000000001 0.12812500000000002
2 0.09921875000000001 0.77265625 0.06406250000000001 0.051562500000000004
2 0.0578125 0.54296875 0.07187500000000001 0.0421875
13 0.17343750000000002 0.46015625000000004 0.084375 0.18281250000000002
2 0.6843750000000001 0.26328125 0.0625 0.1078125