16 0.18671875000000002 0.84921875 0.0140625 0.029687500000000002
3 0.171875 0.828125 0.0125 0.018750000000000003
4 0.21484375 0.8234375 0.0140625 0.021875000000000002
3 0.23984375000000002 0.8296875 0.010937500000000001 0.018750000000000003
7 0.28046875 0.8234375 0.0171875 0.021875000000000002
7 0.29375 0.83984375 0.009375000000000001 0.0203125
8 0.29609375 0.8671875 0.026562500000000003 0.025
11 0.27968750000000003 0.88046875 0.018750000000000003 0.0171875
10 0.30859375 0.7601562500000001 0.0234375 0.0171875
4 0.33125000000000004 0.796875 0.009375000000000001 0.015625
0 0.37109375 0.8515625 0.0171875 0.034375
8 0.36640625000000004 0.8187500000000001 0.0203125 0.015625
5 0.434375 0.8484375000000001 0.028125 0.025
5 0.40625 0.87890625 0.037500000000000006 0.051562500000000004
11 0.34609375000000003 0.9085937500000001 0.0140625 0.0140625
0 0.46406250000000004 0.815625 0.025 0.021875000000000002
16 0.1453125 0.7742187500000001 0.018750000000000003 0.035937500000000004
1 0.2171875 0.8812500000000001 0.015625 0.015625
5 0.23359375000000002 0.953125 0.026562500000000003 0.025
1 0.14921875 0.8773437500000001 0.0203125 0.0140625
10 0.253125 0.7671875 0.021875000000000002 0.015625