2 0.46640625 0.7078125000000001 0.0203125 0.028125
2 0.4546875 0.64609375 0.028125 0.060937500000000006
2 0.44921875 0.59609375 0.026562500000000003 0.0390625
2 0.4859375 0.584375 0.0125 0.021875000000000002
2 0.5453125 0.6023437500000001 0.018750000000000003 0.0234375
2 0.5046875000000001 0.675 0.025 0.037500000000000006
2 0.52109375 0.75390625 0.0140625 0.0234375
2 0.54453125 0.7367187500000001 0.0203125 0.0234375
2 0.5625 0.7015625000000001 0.021875000000000002 0.0625
2 0.5765625 0.6585937500000001 0.028125 0.026562500000000003
2 0.578125 0.6328125 0.03125 0.025
2 0.61328125 0.5796875 0.026562500000000003 0.034375
2 0.6179687500000001 0.6953125 0.0234375 0.037500000000000006
2 0.59765625 0.73984375 0.0234375 0.0328125
2 0.5867187500000001 0.7898437500000001 0.045312500000000006 0.06406250000000001
2 0.6820312500000001 0.7468750000000001 0.0421875 0.065625
2 0.696875 0.6984375 0.028125 0.025
2 0.65390625 0.66953125 0.0171875 0.026562500000000003
2 0.6507812500000001 0.48984375 0.0234375 0.06406250000000001