2 0.46171875 0.62265625 0.0234375 0.0328125
2 0.45859375 0.6703125000000001 0.0203125 0.05
2 0.49921875000000004 0.62421875 0.010937500000000001 0.0171875
2 0.5 0.7132812500000001 0.021875000000000002 0.0328125
2 0.45625000000000004 0.7312500000000001 0.018750000000000003 0.021875000000000002
2 0.55625 0.84375 0.037500000000000006 0.059375000000000004
2 0.578125 0.80234375 0.021875000000000002 0.026562500000000003
2 0.55078125 0.75546875 0.0171875 0.0546875
2 0.49921875000000004 0.79296875 0.010937500000000001 0.0171875
2 0.5515625000000001 0.6585937500000001 0.018750000000000003 0.0203125
2 0.6218750000000001 0.65625 0.025 0.028125
2 0.58046875 0.6960937500000001 0.029687500000000002 0.0203125
2 0.57265625 0.71796875 0.026562500000000003 0.0234375
2 0.60546875 0.7679687500000001 0.0203125 0.029687500000000002
2 0.64765625 0.7523437500000001 0.0171875 0.0234375
2 0.659375 0.8343750000000001 0.034375 0.059375000000000004
2 0.6828125 0.7921875 0.025 0.025