8 0.28125 0.5453125 0.15937500000000002 0.12187500000000001
8 0.25390625 0.309375 0.15781250000000002 0.146875
8 0.4234375 0.06406250000000001 0.084375 0.11875000000000001
8 0.4765625 0.28046875 0.078125 0.1015625
8 0.546875 0.2578125 0.059375000000000004 0.065625
8 0.5906250000000001 0.03828125 0.037500000000000006 0.0765625
8 0.6531250000000001 0.12812500000000002 0.053125000000000006 0.084375
8 0.6734375 0.084375 0.05 0.08125
8 0.7140625 0.28359375000000003 0.034375 0.0859375
8 0.721875 0.37421875000000004 0.06875 0.051562500000000004
8 0.721875 0.42031250000000003 0.040625 0.078125
8 0.77890625 0.4 0.0421875 0.08750000000000001
8 0.46406250000000004 0.39765625000000004 0.084375 0.0890625
8 0.46796875000000004 0.5164062500000001 0.11093750000000001 0.11406250000000001
8 0.6359375 0.7234375000000001 0.07187500000000001 0.13125
8 0.77265625 0.7546875000000001 0.08281250000000001 0.096875
8 0.8914062500000001 0.7117187500000001 0.0328125 0.1078125
8 0.83125 0.55390625 0.059375000000000004 0.13593750000000002
8 0.76484375 0.5437500000000001 0.0578125 0.10625000000000001
8 0.8046875 0.89609375 0.05625 0.1078125
8 0.6140625000000001 0.3671875 0.06875 0.08125