8 0.5437500000000001 0.03359375 0.065625 0.0671875
8 0.7093750000000001 0.07578125000000001 0.0625 0.1015625
8 0.7117187500000001 0.15859375 0.0484375 0.0921875
8 0.759375 0.18906250000000002 0.034375 0.07500000000000001
8 0.7765625 0.1421875 0.025 0.07187500000000001
8 0.8109375000000001 0.13046875 0.028125 0.08281250000000001
8 0.8421875000000001 0.25234375000000003 0.037500000000000006 0.0546875
8 0.79296875 0.5 0.0421875 0.09375
8 0.7562500000000001 0.6507812500000001 0.037500000000000006 0.0859375
8 0.7406250000000001 0.7117187500000001 0.018750000000000003 0.026562500000000003
8 0.7445312500000001 0.5437500000000001 0.035937500000000004 0.08125
8 0.71484375 0.5078125 0.0328125 0.040625
8 0.7015625000000001 0.3921875 0.040625 0.096875
8 0.66015625 0.39453125 0.0578125 0.08281250000000001
8 0.58203125 0.36328125 0.0421875 0.1046875
8 0.53359375 0.29609375 0.060937500000000006 0.09843750000000001
8 0.446875 0.28671875 0.065625 0.1046875
8 0.4625 0.41796875 0.084375 0.0890625
8 0.59609375 0.53359375 0.06406250000000001 0.1015625
8 0.6195312500000001 0.6375000000000001 0.045312500000000006 0.065625
8 0.65390625 0.6882812500000001 0.045312500000000006 0.0734375
8 0.5710937500000001 0.6671875 0.06406250000000001 0.08750000000000001
8 0.4234375 0.6585937500000001 0.0625 0.0921875
8 0.3609375 0.60859375 0.078125 0.1296875
8 0.18984375 0.43281250000000004 0.16718750000000002 0.17500000000000002
8 0.06171875 0.62265625 0.1234375 0.2515625
8 0.1796875 0.7820312500000001 0.12187500000000001 0.1921875
8 0.26796875000000003 0.68359375 0.045312500000000006 0.1265625
8 0.39609375 0.80390625 0.08281250000000001 0.1390625
8 0.5234375 0.82578125 0.05625 0.0921875
8 0.43984375000000003 0.93125 0.0421875 0.08125
8 0.503125 0.94921875 0.05 0.0390625
8 0.6484375 0.8890625000000001 0.046875 0.109375
8 0.37265625 0.0421875 0.11093750000000001 0.084375