0 0.6640625 0.909375 0.028125 0.059375000000000004
0 0.68359375 0.81015625 0.0421875 0.0671875
0 0.74140625 0.7312500000000001 0.0328125 0.09062500000000001
0 0.7234375000000001 0.5867187500000001 0.028125 0.060937500000000006
0 0.9625 0.58984375 0.043750000000000004 0.045312500000000006
0 0.9671875000000001 0.578125 0.043750000000000004 0.040625
0 0.95625 0.5437500000000001 0.034375 0.034375
0 0.80625 0.5007812500000001 0.025 0.035937500000000004
0 0.6820312500000001 0.403125 0.045312500000000006 0.05
0 0.6421875 0.48515625 0.03125 0.09843750000000001
0 0.58359375 0.34609375000000003 0.029687500000000002 0.045312500000000006
0 0.5046875000000001 0.33828125000000003 0.0625 0.060937500000000006
0 0.3875 0.39375000000000004 0.034375 0.096875
0 0.31875000000000003 0.44375000000000003 0.040625 0.115625
0 0.36562500000000003 0.609375 0.065625 0.053125000000000006
0 0.4234375 0.5390625 0.0625 0.043750000000000004
0 0.465625 0.43125 0.018750000000000003 0.037500000000000006
0 0.5281250000000001 0.46875 0.037500000000000006 0.1
0 0.5421875 0.553125 0.03125 0.08125
0 0.5671875000000001 0.634375 0.03125 0.084375
0 0.525 0.67578125 0.03125 0.0390625
0 0.50234375 0.696875 0.0328125 0.096875