8 0.15390625000000002 0.49765625 0.22031250000000002 0.2546875
8 0.35703125 0.28359375000000003 0.1203125 0.15781250000000002
8 0.3765625 0.4265625 0.109375 0.10625000000000001
8 0.4234375 0.19453125000000002 0.09062500000000001 0.11406250000000001
8 0.51328125 0.27421875 0.0921875 0.11406250000000001
8 0.628125 0.24296875 0.0625 0.07968750000000001
8 0.6023437500000001 0.0671875 0.0578125 0.109375
8 0.6820312500000001 0.15546875000000002 0.0734375 0.1078125
8 0.7515625 0.31093750000000003 0.078125 0.15000000000000002
8 0.81953125 0.42578125 0.06406250000000001 0.11093750000000001
8 0.8460937500000001 0.0023437500000000003 0.0390625 0.004687500000000001
8 0.6921875000000001 0.40390625 0.0625 0.08281250000000001
8 0.6203125 0.4546875 0.1 0.1375
8 0.7132812500000001 0.55390625 0.0890625 0.08281250000000001
8 0.7507812500000001 0.6585937500000001 0.0734375 0.09531250000000001
8 0.5953125 0.61875 0.08750000000000001 0.11875000000000001
8 0.41015625 0.55234375 0.1265625 0.1234375
8 0.25546875 0.7140625 0.1953125 0.19375