15 0.79296875 0.34218750000000003 0.0734375 0.09062500000000001
15 0.8773437500000001 0.36640625000000004 0.09531250000000001 0.09531250000000001
8 0.58046875 0.49140625000000004 0.07968750000000001 0.0671875
8 0.7296875 0.57734375 0.09062500000000001 0.060937500000000006
8 0.5140625 0.57734375 0.08750000000000001 0.0578125
8 0.43359375 0.89609375 0.0546875 0.0671875
8 0.47734375 0.96875 0.0890625 0.0625
7 0.23750000000000002 0.5515625000000001 0.05625 0.09062500000000001
7 0.30625 0.8390625 0.043750000000000004 0.05625
13 0.041406250000000006 0.64375 0.0765625 0.07500000000000001
9 0.10546875 0.9046875000000001 0.1484375 0.13125
13 0.19921875 0.37109375 0.0703125 0.0703125
13 0.2546875 0.15859375 0.1375 0.1546875
13 0.9296875 0.09140625000000001 0.140625 0.18281250000000002